1.000000000000000000e+00
1.000000000000000000e+00
9.812397070889533612e-01
8.795152152317023964e-01
7.821680750453545716e-01
5.976985842375606151e-01
4.748814642187875745e-01
3.822239565510562875e-01
3.194270868625895266e-01
2.250802093496354905e-01
2.166210648973473096e-01
2.064618247661241524e-01
1.817859962010269503e-01
1.693463729298157194e-01
1.468586006771236963e-01
1.444573902591820280e-01
1.290931553880458604e-01
1.251017580511987470e-01
1.107259040586243970e-01
1.118776342700157911e-01
1.012782325109254089e-01
9.939763794489772653e-02
9.524515211061215791e-02
9.206276037296559633e-02
8.749176656239193717e-02
8.939969705946024248e-02
8.037835391120294604e-02
8.390529853369706192e-02
7.944330104084880440e-02
6.527167879033118902e-02
6.718254579355668887e-02
6.883437069095371674e-02
6.090329034535105213e-02
6.545468503886246736e-02
6.037685192347816421e-02
5.950135638259182458e-02
5.424103480710538994e-02
5.508775979077457779e-02
4.955578939730050092e-02
5.472654504869272490e-02
4.905275304028257344e-02
5.007183742777742558e-02
4.802368919046223067e-02
4.735887385900711122e-02
4.826548391940278793e-02
4.493332723011206342e-02
4.614394572336326383e-02
3.669120979005060373e-02
4.024305620331138783e-02
3.834658660043985257e-02
3.786868461100598854e-02
4.129269188413184355e-02
3.755890756788508866e-02
3.747276096281014490e-02
3.536860711150997816e-02
3.151224155365034418e-02
3.619424299348873025e-02
3.859465456242909542e-02
3.349104582023034599e-02
3.564662198076513216e-02
3.498962458390521280e-02
3.747665669430223084e-02
3.126766693910412037e-02
3.415976748447833999e-02
2.963697021192220060e-02
3.263168469748322503e-02
2.790251181286864182e-02
3.077924361091811251e-02
3.244800043377091270e-02
2.987250989048887903e-02
2.513933520009122707e-02
2.857909746996585912e-02
2.860699854511589840e-02
2.642359329793831507e-02
2.548963526518724029e-02
2.677597921454387062e-02
2.367869897742083327e-02
2.602513512124801989e-02
2.628274675062270208e-02
2.555148448414325257e-02
2.753478591618031476e-02
2.476108084101446422e-02
2.442775546462896269e-02
2.441890136167035319e-02
2.567632913404563691e-02
2.497579061237857612e-02
2.348458773160067709e-02
2.279657253407427198e-02
2.251694391319436495e-02
2.142557486114603574e-02
2.427382714980314340e-02
2.130584640261515630e-02
2.131012271572618397e-02
2.124948192612241896e-02
2.298663633544942644e-02
2.058805883225778635e-02
2.143945723979478329e-02
1.926473986515949907e-02
1.847110589699982319e-02
2.094641991349257409e-02
1.992136536563649321e-02
2.233036355629410691e-02
2.062175570455660606e-02
1.798741865680802618e-02
1.897354991944535593e-02
2.089178355013443511e-02
1.792552160205558923e-02
2.080004978801116081e-02
1.777956834678710157e-02
1.906989427378492225e-02
2.020805006128910050e-02
1.757396993170597804e-02
1.774085209381921421e-02
1.535476634614819924e-02
1.598645535714531343e-02
1.565345341853664404e-02
1.731251235893476251e-02
1.698115776418802902e-02
1.716117650148634571e-02
1.536597185946132066e-02
1.716570845495082528e-02
1.920232454302598160e-02
1.635216670886755971e-02
1.451388410653381075e-02
1.715600929881427525e-02
1.729088678032806789e-02
1.691842671838585110e-02
1.393593766120573146e-02
1.486675993981301583e-02
1.547115736914031134e-02
1.578484992878387977e-02
1.377253067805262778e-02
1.304896063010604380e-02
1.288735555265209907e-02
1.373648144428098530e-02
1.425084983751221009e-02
1.426030652407908259e-02
1.447537368826910115e-02
1.486944553179117036e-02
1.198098209059086927e-02
1.360069378006540340e-02
1.466864850618317118e-02
1.364028270804040419e-02
1.342835529484641584e-02
1.384447692106090255e-02
1.360222960798907962e-02
1.255337175927038161e-02
1.289914485636542082e-02
1.299903730739106547e-02
1.332576054715911562e-02
1.304857919967784656e-02
1.331522709822853708e-02
1.183524699725787242e-02
1.225041280552965559e-02
1.233300867044272338e-02
1.102282509198166706e-02
1.233375577568905125e-02
1.199578314019425843e-02
1.171266078290180562e-02
1.154419297006504391e-02
1.142107957362254421e-02
1.255920781358596007e-02
1.061306955929677137e-02
1.175885903119980834e-02
1.160268735070574611e-02
1.198620854474312034e-02
1.035842153598132490e-02
1.208883978189122070e-02
1.021797205752062593e-02
1.085809848711906042e-02
1.045951915321710959e-02
1.037327062356310434e-02
1.122897850890214495e-02
1.033135979811550427e-02
9.860458966466362565e-03
1.136859088008392547e-02
1.061671018418500895e-02
1.032236365989527144e-02
1.046262563030646471e-02
9.344382696780471897e-03
1.053690512189108322e-02
9.946577389030852520e-03
9.529355852723433301e-03
9.962284616374595531e-03
1.026811750076985115e-02
9.191192343666419046e-03
1.023635180241094095e-02
9.719903542413740882e-03
9.114645946516203301e-03
1.005090734499037956e-02
1.017421734676124054e-02
8.450862639533039330e-03
8.974007720859326215e-03
8.655823071967773744e-03
9.014499738074555069e-03
9.102318814829611637e-03
9.151404922436979367e-03
8.077592978528634615e-03
1.052344392434493084e-02
8.213684835238235088e-03
8.822585856473191823e-03
9.376153140337404809e-03
9.739929722454403194e-03
9.291189417985882062e-03
9.345965388618747774e-03
9.316209679172798505e-03
8.820460312228708619e-03
8.994459180894205652e-03
9.285377094977498996e-03
9.272297844452215276e-03
9.955412642147417127e-03
8.523984587261489512e-03
8.941493926866243488e-03
8.666615981608678798e-03
8.976692694447683044e-03
8.471910724710634416e-03
9.072015365674153398e-03
8.287892234351777396e-03
8.846721358241511207e-03
8.470515218498094259e-03
9.126850046874942016e-03
9.200035529451476221e-03
9.049209086207044006e-03
8.088255002705354094e-03
7.670217382225327785e-03
8.613918195727304078e-03
7.507374722501299925e-03
7.730632448616849700e-03
9.112112609778351413e-03
7.868464661481460246e-03
8.184417055614763917e-03
7.721044344799979191e-03
7.466065183918472493e-03
7.857579490716002507e-03
8.142359380332319513e-03
8.401903806052390261e-03
8.353795493680335124e-03
7.907195738545001740e-03
7.093171158532925180e-03
6.683625355814536151e-03
7.637494095599718126e-03
7.275780553767552568e-03
8.602943655674774939e-03
7.855219687340386087e-03
8.089456034277972898e-03
8.332200548972103563e-03
7.504419676058490460e-03
7.575522775251046850e-03
7.121146486235697612e-03
7.735297900610392172e-03
6.280394263002730612e-03
7.692950831355335750e-03
7.678159494407237745e-03
7.232898381826751398e-03
7.225532532101560518e-03
6.467102926193087249e-03
7.350630982223323000e-03
6.830179777031669501e-03
7.621495619854272777e-03
7.338698479934010338e-03
8.179966111290242967e-03
6.650604180800811886e-03
7.165920945016081983e-03
6.913860680556849561e-03
7.346979968417807760e-03
7.777961781750130678e-03
7.184772482546019495e-03
7.142124577035598686e-03
6.878714440800090188e-03
6.676585988301267718e-03
8.073386214393728569e-03
7.088052133791476229e-03
7.293742950727964865e-03
6.551324386368444046e-03
6.635825666021947372e-03
6.705166085450992020e-03
7.388282760016858831e-03
6.449582290851973293e-03
6.519414371216429409e-03
6.631944293654669885e-03
7.306586902537425335e-03
7.288892158508824930e-03
6.350224801170856886e-03
6.763336776469846753e-03
7.143264199342224882e-03
6.401141092788053231e-03
6.989698784426849783e-03
6.721474811613181027e-03
6.493642593043072106e-03
7.536479470790702871e-03
6.452344027838472461e-03
6.476566578064592294e-03
6.386432340602222688e-03
5.836454322209848680e-03
6.219043069834736571e-03
5.765058638525341964e-03
6.220172935279129692e-03
5.975871884764078629e-03
6.597888802882486727e-03
5.600733950458821990e-03
6.100419107913274824e-03
6.088685420209915405e-03
7.772117031830030193e-03
6.170235545225912638e-03
6.083771978929728048e-03
6.038627106042698464e-03
5.881871476175849940e-03
6.747049967117961858e-03
5.272940863425967274e-03
6.724274304188709514e-03
6.992387693548008168e-03
6.280755053661802277e-03
6.029680441124355729e-03
6.272170227369660081e-03
5.474491867175459645e-03
6.927993773767479255e-03
6.287285447526528084e-03
5.568715172406228306e-03
7.268456564136660525e-03
5.872050631308530812e-03
5.444283103587269253e-03
5.830237190927309819e-03
5.327679954164906903e-03
5.913712074356955277e-03
5.624737261928664835e-03
6.297957737516032481e-03
6.195136365842693338e-03
5.944065067267793011e-03
6.914183988802623075e-03
6.020612877092382936e-03
5.944878570870179048e-03
5.218840117229422981e-03
5.335011542732362270e-03
5.495011962145305434e-03
5.607267620498924791e-03
5.542259658870649780e-03
5.749420888242902719e-03
5.130841858456534725e-03
5.690495383510970652e-03
5.165506988762322282e-03
5.911165105895443798e-03
6.531371659760846007e-03
4.668302545373724521e-03
6.225381795170467115e-03
5.544072048656834353e-03
5.760435626129399578e-03
6.320758930593472179e-03
5.109432314931760047e-03
5.955774220028438662e-03
5.149783819135875240e-03
5.969627861050754922e-03
5.206914930617151036e-03
5.152202615416069491e-03
5.084003646252040730e-03
5.829399692212712362e-03
5.324327083726535480e-03
4.995460727508860624e-03
4.730939091913340631e-03
5.404573002536954343e-03
5.338340630811256107e-03
5.219850280019300987e-03
5.169205253451247470e-03
5.628348033502693706e-03
5.192361310758415033e-03
5.371890199783923604e-03
5.551963029104470607e-03
5.104756936195907480e-03
5.030558464739438851e-03
4.923379813704054087e-03
4.594675296125623476e-03
5.315710527921211487e-03
4.894153742321483841e-03
4.371910786445518636e-03
5.041418439897534833e-03
4.807043867743775699e-03
4.543742080907217477e-03
5.711666385258759582e-03
5.449656785497790715e-03
4.519694083980569342e-03
4.843836165373050125e-03
5.161537374120595510e-03
4.696776271056311673e-03
4.606493669586648847e-03
5.488436310145333209e-03
4.545495066356279069e-03
4.556755113226294666e-03
4.209710562964798231e-03
5.105341982837558953e-03
4.641035199693371166e-03
4.528555344123942963e-03
5.026614363605218412e-03
4.518133160232543945e-03
4.644065633542362841e-03
4.422375507252438061e-03
4.439746815012060935e-03
4.605773718336197455e-03
4.888406855187041496e-03
4.940150882371070230e-03
4.642362941378404620e-03
5.015497373926158971e-03
4.606881959258758534e-03
3.975147665188945648e-03
4.567192242139764269e-03
5.184882832057951217e-03
4.478391361525035572e-03
4.577686191994957340e-03
4.125745453190449684e-03
3.777758643095532973e-03
4.994536066305919897e-03
4.862842924670067977e-03
4.400142877115568660e-03
3.728302911906324069e-03
4.628308948759649218e-03
5.581708859202282567e-03
3.956211158300553497e-03
4.563587329398000221e-03
3.944309072304005674e-03
4.393047797849459861e-03
4.575111657325070871e-03
4.804251385642629643e-03
4.763213271038632159e-03
4.496874716082281676e-03
3.897063406910469818e-03
4.793709971128636872e-03
4.681253127475869941e-03
4.620140355708835661e-03
4.446075030420482826e-03
4.564822810368762175e-03
4.236458960281190740e-03
4.355078232875168875e-03
4.605499825823480657e-03
4.207665165681207659e-03
3.827345706494350661e-03
4.107434261287762345e-03
4.330258351615812011e-03
4.704782874951574101e-03
3.968944473522887859e-03
4.089084582481376275e-03
3.928725677506614278e-03
3.531393647884207079e-03
4.346798257673942754e-03
3.958474695337208839e-03
3.786720471622246828e-03
4.021309049296620426e-03
4.402194898020360229e-03
4.098159583350750174e-03
3.850707243789547665e-03
4.403585884924171058e-03
4.310747885460809031e-03
3.424036410173943081e-03
3.572945544976814658e-03
3.946652699105568721e-03
3.963259718637928905e-03
4.184183758424588929e-03
4.083943417187471669e-03
3.666349983064970744e-03
4.054070480985770206e-03
4.422193837671480401e-03
4.355407711628750227e-03
3.957347032367526142e-03
4.270642446090522869e-03
4.073473843332132624e-03
4.441345893418429704e-03
3.905100534446756706e-03
4.419873298550825932e-03
3.634849745696901255e-03
4.088744465971530517e-03
4.290901605986678115e-03
3.850449915370592838e-03
4.075859399374356755e-03
4.305576134788708167e-03
3.952165955896810162e-03
3.682100949315740383e-03
4.227329995643663157e-03
3.786602667456282975e-03
4.574677411868923599e-03
3.908003562567111122e-03
3.520721295356645918e-03
3.611212998774301908e-03
4.036771595161074699e-03
4.323314051619589655e-03
3.547455815795932249e-03
3.243923595004046152e-03
3.341103838548866844e-03
3.546778866283059606e-03
3.843881989941552290e-03
4.194104752159324989e-03
4.240837781510980835e-03
4.187991220885622576e-03
3.485976103660070984e-03
3.545343215697816224e-03
3.891783381476845993e-03
4.314830532048392724e-03
3.463389571100029558e-03
3.597717398953495082e-03
3.664919687930504651e-03
3.694333153844780396e-03
3.456390706691518828e-03
3.540076083439527930e-03
3.493170155016317360e-03
3.768747484938246486e-03
3.387492915690351863e-03
3.584467537801657409e-03
2.826979392290359782e-03
4.245801961317841738e-03
3.563283436490698175e-03
3.428957311699524536e-03
3.717141698046843180e-03
3.891311856553984587e-03
3.356402920394192801e-03
4.063617067162856276e-03
3.802845561987348161e-03
3.734496095159525568e-03
3.811048282335556450e-03
3.422207843184392560e-03
3.394466528820159600e-03
3.627502403232184952e-03
3.219412963061326922e-03
3.700741376957770133e-03
3.333574661143826057e-03
3.357161315751198624e-03
3.966124869414809802e-03
3.337283736666526741e-03
3.580228849017594913e-03
3.314624181381889065e-03
3.199623117892829577e-03
3.506025698250276462e-03
3.843031930423517536e-03
3.912304189353459256e-03
3.442339973420511286e-03
2.977228946056438216e-03
3.689598369542983983e-03
4.071699628717753879e-03
3.414821271247599210e-03
3.859119732964740382e-03
3.582025467515596515e-03
3.432832435658613596e-03
3.747208360838663339e-03
3.337027558046193245e-03
3.250633945862068525e-03
3.686154621795266831e-03
3.023765312155402962e-03
3.067516668471682254e-03
3.744632599535786376e-03
3.210815833970321297e-03
3.430834108628705217e-03
3.147596160847645000e-03
3.510260434861643512e-03
3.379459937708985569e-03
3.581327474989091063e-03
3.558176267393878007e-03
3.133145336297433851e-03
3.517221659092098236e-03
3.385298793129933384e-03
3.216312341899028003e-03
3.393923934482214778e-03
3.000310187978435291e-03
3.523782347023985111e-03
3.059522670100896062e-03
3.204233529081086142e-03
3.491223579859915622e-03
3.493754199011582344e-03
3.627528974875165492e-03
2.550078485056046004e-03
3.440686240954323859e-03
3.508859473574114408e-03
3.406195436487880011e-03
3.268353337656676374e-03
3.170240387951159863e-03
3.516434095747051052e-03
3.204120536904503467e-03
2.978634651314857919e-03
2.914061307639754725e-03
3.454893871373524664e-03
3.266426387501415729e-03
3.367458708476808293e-03
3.278989780106174486e-03
3.115156561074288594e-03
3.462845192663619853e-03
3.046939480772741741e-03
3.322628375281746864e-03
3.329318884021513925e-03
2.727917989019401374e-03
3.361212274375837729e-03
3.080016169252880031e-03
3.339423189574084079e-03
2.998083464070115146e-03
3.119415274398488255e-03
2.775028797618839162e-03
2.993008404496384865e-03
2.860070226668368683e-03
2.911010121699665436e-03
3.353224025239156386e-03
2.771794784096394317e-03
2.955899534821838839e-03
3.182582950239535267e-03
3.201024277446156991e-03
2.687786930750597856e-03
2.807162040922606648e-03
3.026463674799423440e-03
3.288084339315736244e-03
2.883117129622273997e-03
2.763186890666488420e-03
3.180058603343565576e-03
2.894142078455736421e-03
2.626991887131508406e-03
3.055160549045679054e-03
3.188063442860705234e-03
2.900573470897685035e-03
2.887959827789601894e-03
3.229682884517086957e-03
3.242708112587712119e-03
2.978457099992156808e-03
2.998997282179605411e-03
3.017967228882229448e-03
3.158789946971127770e-03
3.103889219817067193e-03
2.879207077613130713e-03
2.991697905112801741e-03
2.984860590508713312e-03
3.031901600165536666e-03
2.945820882088081866e-03
3.383208043956727543e-03
2.744852070980966213e-03
2.833625347317882993e-03
2.770712158362088461e-03
2.538562536741416787e-03
2.577115468306094472e-03
2.441367175956516995e-03
2.953527792367037497e-03
2.933032821048606621e-03
2.559810535052367466e-03
2.568429145288917727e-03
3.115774879858894918e-03
3.074620348478033019e-03
3.117096688632851453e-03
2.517978679235314404e-03
2.900034129916964458e-03
3.012548175763686033e-03
2.950329346792956130e-03
2.915007169901710164e-03
3.111190095138504069e-03
3.030121125991272740e-03
2.934052930384976887e-03
2.708052168964262141e-03
3.193571752227156949e-03
2.571436173528322648e-03
2.543147250128613077e-03
2.777995586811500550e-03
2.774437422987496415e-03
2.839882225922279319e-03
2.715415283835748844e-03
3.070678311482634253e-03
2.669215943784301534e-03
2.706542243445504356e-03
2.549951740707153552e-03
2.666077091051881950e-03
2.638457246349221273e-03
2.491367236791792745e-03
2.766535259243780177e-03
2.786878645677631598e-03
2.689371363014995964e-03
2.863694794146789090e-03
2.697644853248209410e-03
2.636324086172996909e-03
2.660827538019857122e-03
2.648043083455371184e-03
2.829822049863488405e-03
2.417311906479405106e-03
2.871995521647252754e-03
2.745298464353724925e-03
3.091195283160945353e-03
2.666964185423233158e-03
3.135881429288720976e-03
2.818411113804890258e-03
2.396031410071813167e-03
2.477720836697472687e-03
2.633690217978235017e-03
2.524092331959184449e-03
3.005295970014102303e-03
2.569246718114482231e-03
2.512079190110506292e-03
2.567015987652698089e-03
2.344662522542392130e-03
2.666829175487408360e-03
2.601459821305700509e-03
2.655432153246620793e-03
2.362214453210082811e-03
2.777013507876890334e-03
2.687362698382339370e-03
2.403955337074199870e-03
2.922634726641379355e-03
2.660490432651204523e-03
2.872027039090243716e-03
2.777657843506243802e-03
2.527908495686817698e-03
2.265315351157661927e-03
2.608006457768706141e-03
2.407616445427581114e-03
2.635905742877685167e-03
2.421764758069472074e-03
3.051879515463358592e-03
2.620321610968400546e-03
2.264978431619260688e-03
2.754649730285262891e-03
2.546154850525690367e-03
2.419884765044521841e-03
2.600662489276092410e-03
2.719976048570533697e-03
2.617843811079164675e-03
2.603342028121154519e-03
2.474976770568147744e-03
2.665507826796793909e-03
2.196280576354027545e-03
2.611107548567130187e-03
2.273387408518334155e-03
2.486306240916502219e-03
2.642132945127327256e-03
2.613640060910769024e-03
2.293193569638298998e-03
2.726580769744042527e-03
2.536681622401744125e-03
2.767529488052390511e-03
2.495288911706344554e-03
2.529605860558014480e-03
2.538580563189412123e-03
2.697498858493672848e-03
2.336366462800933304e-03
2.565889782369058011e-03
2.394124671087469527e-03
2.312493226908219311e-03
2.085720114499553177e-03
2.474985921709709717e-03
2.448880687020686935e-03
2.781891906051723110e-03
2.528997315477979086e-03
2.618365861337097235e-03
2.467015178330708193e-03
2.351790488015930054e-03
2.387721251379162479e-03
2.556813013285977581e-03
2.331808764537221610e-03
2.647308357502287882e-03
2.654556469186791605e-03
2.666897059987652537e-03
2.391895057533923591e-03
2.544538921793945696e-03
2.652866629670119682e-03
2.473313418708224330e-03
2.035868997841030429e-03
2.141540909596988812e-03
2.484531994873387557e-03
2.536743075267069644e-03
2.319106862445340436e-03
2.088063465052616453e-03
2.208713473906819772e-03
2.564206321841679039e-03
2.444541183174570292e-03
2.285133400321997729e-03
2.575542880988032201e-03
2.525906592759741970e-03
2.591931547544234788e-03
2.273496592916260644e-03
2.573687775906038054e-03
2.527995439491929723e-03
2.303291397211282374e-03
2.375419637334063271e-03
2.338498145502698484e-03
2.165835648925036171e-03
2.285065755748469634e-03
2.316325888624664459e-03
2.254055104656335282e-03
2.296078568974767482e-03
2.132295371407609292e-03
2.439131499994757167e-03
2.402830030155546359e-03
2.505115881417390930e-03
2.465191161955780207e-03
2.447024031152263395e-03
2.332522877196149553e-03
2.272629320093698477e-03
2.351187548383037139e-03
2.500179933523838036e-03
2.085924782692026060e-03
2.217451155419047047e-03
2.371947256944553425e-03
2.283892477759746301e-03
2.316849441973108450e-03
2.472561891276658669e-03
2.279391680502446463e-03
2.554887281417133997e-03
2.204435835701863428e-03
2.476857577333336797e-03
2.367725374279097510e-03
2.565519185677433978e-03
2.260438416453551362e-03
1.970492260394215208e-03
2.099008991405320549e-03
2.265185968510843861e-03
2.358130890655089126e-03
2.220961850890386825e-03
2.219336372597740126e-03
2.142234475699244124e-03
2.044618109002357704e-03
2.570355344539333991e-03
2.470815265353341634e-03
2.069611919529534393e-03
2.328465127136935143e-03
2.398056399755578438e-03
2.356170618180052165e-03
2.232980599978720213e-03
2.101045651590632314e-03
2.113269566635849004e-03
2.328410947555270734e-03
2.063377410540578015e-03
2.130855766529672277e-03
2.130951628475449486e-03
2.158012129963647434e-03
2.239159640784818116e-03
2.386070911566371550e-03
2.318132688789888499e-03
2.290168932127315850e-03
2.348275688701119499e-03
2.363325509031760207e-03
2.377472534832153657e-03
2.061458215555928529e-03
2.304771043661000326e-03
2.275078862996195161e-03
2.325242247514330146e-03
2.286180901961565835e-03
2.342421313982156594e-03
2.310418624971203108e-03
2.239583609992256211e-03
2.365368220693780162e-03
1.877579432386253418e-03
2.248563073635417072e-03
2.223400463427046246e-03
2.124698106954832962e-03
2.091247776422713953e-03
1.935010118216686252e-03
2.245308754532843870e-03
1.902106662233700148e-03
2.027675541372566618e-03
2.263795378221185144e-03
2.310964262944344670e-03
2.033091301114068033e-03
2.138784093308996725e-03
2.193021689816140700e-03
1.832958456441504584e-03
2.273232022690443738e-03
2.239738769198154188e-03
2.179269839637742318e-03
2.063873398329237573e-03
1.985226168543966201e-03
2.216948947246923964e-03
2.246407894624973239e-03
2.433156768086739297e-03
2.482789091755410130e-03
2.139320857450488760e-03
2.491000891509961065e-03
2.224178867495019227e-03
2.095006361590496646e-03
2.301690190523481439e-03
2.072896098210921453e-03
2.019145933372401471e-03
1.897360754468903647e-03
2.130755395779125854e-03
2.072655579244290190e-03
2.341869178876004615e-03
1.902247982417131942e-03
1.735606408968955270e-03
2.071732726064269212e-03
2.046295531899319353e-03
2.319741445285435858e-03
2.285306948265768828e-03
2.188910534562227457e-03
2.109663077878669562e-03
2.110954182385393636e-03
2.235321499474932951e-03
2.103987453012488070e-03
2.186148305760372487e-03
2.212896596586385115e-03
2.045107203443371959e-03
2.529227176205093696e-03
2.142749880232526407e-03
1.920996122156126695e-03
2.036061981144537611e-03
2.249312982777604795e-03
2.029963510409505106e-03
2.236764920155967507e-03
1.796595329239812503e-03
1.963795857125224045e-03
2.004565408576013553e-03
2.006260995556242207e-03
2.271602750040723276e-03
2.035702924851871213e-03
1.821180831446974789e-03
2.101938610076899399e-03
2.072775275316172429e-03
2.126228772749421281e-03
1.931316844767872820e-03
1.673109143424615164e-03
1.945021618301282472e-03
2.227855293255212588e-03
2.185422678254214744e-03
2.072386229719357098e-03
1.922682345559335914e-03
2.096364228396513808e-03
1.666655386018089414e-03
2.169345889809283588e-03
2.383396323871807710e-03
1.858702678982446926e-03
2.024190022312115627e-03
1.899733857168633836e-03
1.784352468669523446e-03
2.013952325413289907e-03
1.946082853906521467e-03
1.948316885479509444e-03
2.124572567694446058e-03
2.097775817650015476e-03
1.904112864849616307e-03
2.339407420796891634e-03
2.115275452750505283e-03
1.869864539004503518e-03
2.404463951904297053e-03
2.117637970148835303e-03
1.900252849225502047e-03
1.907852320772915420e-03
2.171867670797863938e-03
2.113738787431969010e-03
1.922783627914075727e-03
1.906033860021448707e-03
2.024948097990856687e-03
2.428015531053069088e-03
1.886517897923823718e-03
1.975934589143054591e-03
2.143315846316183604e-03
2.360301766761599505e-03
1.983304314262730392e-03
2.122649111746484785e-03
1.816983102599263817e-03
1.868699904535411340e-03
2.164777445663689653e-03
1.782616020332118689e-03
1.906778300721631222e-03
2.039916441144661724e-03
1.940808207362219873e-03
1.988842515044683332e-03
2.178032036525281382e-03
2.013953646829067922e-03
1.880211616731265137e-03
1.806847452939236128e-03
1.772269284318535440e-03
1.974985477256910055e-03
1.771411736608757143e-03
1.816996176109536435e-03
1.981139921330790556e-03
1.803749895710563770e-03
1.790841290475439973e-03
1.812228512551116496e-03
1.817479080585695335e-03
2.011151335968886476e-03
1.786020825533652864e-03
2.094068577852380673e-03
1.720779314868217409e-03
1.952765824761203096e-03
1.890296356208457772e-03
2.091382861543940493e-03
1.961119651029419059e-03
1.860809319260856628e-03
1.932865969305212241e-03
1.853708570754042037e-03
2.309637831549355650e-03
1.870066291595212041e-03
1.834388207940470779e-03
2.175933943857410752e-03
1.745395005532962823e-03
1.797030775289741285e-03
1.774054937921078212e-03
1.771421438281197379e-03
1.819680050268233104e-03
1.823936193347666613e-03
2.040606109954208429e-03
1.592197366488949054e-03
1.956446828143899083e-03
1.747836629253964047e-03
2.032501007180761120e-03
1.829968963786239794e-03
2.080000393900112432e-03
1.684090999482444574e-03
1.953971334846255417e-03
2.170105845450487694e-03
1.892978849855708181e-03
1.936536313850935678e-03
1.969746871038409453e-03
1.939143101244710041e-03
1.836044533322656871e-03
1.772034075470396231e-03
1.839350369562257545e-03
2.056982769411840398e-03
