1.000000000000000000e+00
1.000000000000000000e+00
9.939999999999999947e-01
9.859999999999999876e-01
9.829999999999999849e-01
9.759999999999999787e-01
9.679999999999999716e-01
9.609999999999999654e-01
9.579999999999999627e-01
9.619999999999999662e-01
9.619999999999999662e-01
9.599999999999999645e-01
9.629999999999999671e-01
9.609999999999999654e-01
9.589999999999999636e-01
9.599999999999999645e-01
9.579999999999999627e-01
9.579999999999999627e-01
9.599999999999999645e-01
9.559999999999999609e-01
9.589999999999999636e-01
9.629999999999999671e-01
9.589999999999999636e-01
9.559999999999999609e-01
9.539999999999999591e-01
9.559999999999999609e-01
9.589999999999999636e-01
9.559999999999999609e-01
9.539999999999999591e-01
9.589999999999999636e-01
9.539999999999999591e-01
9.539999999999999591e-01
9.529999999999999583e-01
9.529999999999999583e-01
9.519999999999999574e-01
9.509999999999999565e-01
9.569999999999999618e-01
9.529999999999999583e-01
9.549999999999999600e-01
9.559999999999999609e-01
9.539999999999999591e-01
9.529999999999999583e-01
9.559999999999999609e-01
9.539999999999999591e-01
9.499999999999999556e-01
9.549999999999999600e-01
9.579999999999999627e-01
9.559999999999999609e-01
9.609999999999999654e-01
9.619999999999999662e-01
9.599999999999999645e-01
9.579999999999999627e-01
9.609999999999999654e-01
9.589999999999999636e-01
9.589999999999999636e-01
9.579999999999999627e-01
9.559999999999999609e-01
9.579999999999999627e-01
9.569999999999999618e-01
9.589999999999999636e-01
9.599999999999999645e-01
9.599999999999999645e-01
9.599999999999999645e-01
9.649999999999999689e-01
9.629999999999999671e-01
9.639999999999999680e-01
9.619999999999999662e-01
9.649999999999999689e-01
9.649999999999999689e-01
9.679999999999999716e-01
9.629999999999999671e-01
9.649999999999999689e-01
9.649999999999999689e-01
9.609999999999999654e-01
9.599999999999999645e-01
9.549999999999999600e-01
9.559999999999999609e-01
9.559999999999999609e-01
9.549999999999999600e-01
9.529999999999999583e-01
9.509999999999999565e-01
9.549999999999999600e-01
9.559999999999999609e-01
9.529999999999999583e-01
9.579999999999999627e-01
9.599999999999999645e-01
9.579999999999999627e-01
9.549999999999999600e-01
9.579999999999999627e-01
9.549999999999999600e-01
9.549999999999999600e-01
9.559999999999999609e-01
9.539999999999999591e-01
9.499999999999999556e-01
9.559999999999999609e-01
9.589999999999999636e-01
9.549999999999999600e-01
9.579999999999999627e-01
9.539999999999999591e-01
9.539999999999999591e-01
9.559999999999999609e-01
9.549999999999999600e-01
9.539999999999999591e-01
9.539999999999999591e-01
9.539999999999999591e-01
9.529999999999999583e-01
9.549999999999999600e-01
9.579999999999999627e-01
9.589999999999999636e-01
9.579999999999999627e-01
9.609999999999999654e-01
9.619999999999999662e-01
9.589999999999999636e-01
9.589999999999999636e-01
9.569999999999999618e-01
9.579999999999999627e-01
9.579999999999999627e-01
9.569999999999999618e-01
9.569999999999999618e-01
9.609999999999999654e-01
9.589999999999999636e-01
9.559999999999999609e-01
9.549999999999999600e-01
9.589999999999999636e-01
9.609999999999999654e-01
9.619999999999999662e-01
9.589999999999999636e-01
9.589999999999999636e-01
9.569999999999999618e-01
9.599999999999999645e-01
9.579999999999999627e-01
9.579999999999999627e-01
9.579999999999999627e-01
9.589999999999999636e-01
9.609999999999999654e-01
9.619999999999999662e-01
9.649999999999999689e-01
9.639999999999999680e-01
9.619999999999999662e-01
9.619999999999999662e-01
9.619999999999999662e-01
9.639999999999999680e-01
9.619999999999999662e-01
9.619999999999999662e-01
9.599999999999999645e-01
9.609999999999999654e-01
9.539999999999999591e-01
9.599999999999999645e-01
9.609999999999999654e-01
9.579999999999999627e-01
9.589999999999999636e-01
9.529999999999999583e-01
9.549999999999999600e-01
9.549999999999999600e-01
9.549999999999999600e-01
9.549999999999999600e-01
9.589999999999999636e-01
9.609999999999999654e-01
9.599999999999999645e-01
9.609999999999999654e-01
9.589999999999999636e-01
9.559999999999999609e-01
9.559999999999999609e-01
9.589999999999999636e-01
9.579999999999999627e-01
9.619999999999999662e-01
9.619999999999999662e-01
9.609999999999999654e-01
9.619999999999999662e-01
9.629999999999999671e-01
9.649999999999999689e-01
9.649999999999999689e-01
9.639999999999999680e-01
9.649999999999999689e-01
9.649999999999999689e-01
9.649999999999999689e-01
9.639999999999999680e-01
9.619999999999999662e-01
9.619999999999999662e-01
9.609999999999999654e-01
9.629999999999999671e-01
9.599999999999999645e-01
9.619999999999999662e-01
9.619999999999999662e-01
9.619999999999999662e-01
9.629999999999999671e-01
9.639999999999999680e-01
9.629999999999999671e-01
9.599999999999999645e-01
9.599999999999999645e-01
9.589999999999999636e-01
9.579999999999999627e-01
9.579999999999999627e-01
9.589999999999999636e-01
9.579999999999999627e-01
9.569999999999999618e-01
9.589999999999999636e-01
9.609999999999999654e-01
9.609999999999999654e-01
9.619999999999999662e-01
9.619999999999999662e-01
9.619999999999999662e-01
9.609999999999999654e-01
9.589999999999999636e-01
9.569999999999999618e-01
9.569999999999999618e-01
9.559999999999999609e-01
9.549999999999999600e-01
9.579999999999999627e-01
9.549999999999999600e-01
9.549999999999999600e-01
9.529999999999999583e-01
9.549999999999999600e-01
9.529999999999999583e-01
9.549999999999999600e-01
9.509999999999999565e-01
9.559999999999999609e-01
9.539999999999999591e-01
9.589999999999999636e-01
9.569999999999999618e-01
9.619999999999999662e-01
9.579999999999999627e-01
9.569999999999999618e-01
9.569999999999999618e-01
9.549999999999999600e-01
9.559999999999999609e-01
9.579999999999999627e-01
9.599999999999999645e-01
9.589999999999999636e-01
9.569999999999999618e-01
9.569999999999999618e-01
9.589999999999999636e-01
9.559999999999999609e-01
9.569999999999999618e-01
9.569999999999999618e-01
9.539999999999999591e-01
9.549999999999999600e-01
9.549999999999999600e-01
9.549999999999999600e-01
9.559999999999999609e-01
9.569999999999999618e-01
9.569999999999999618e-01
9.569999999999999618e-01
9.549999999999999600e-01
9.539999999999999591e-01
9.539999999999999591e-01
9.539999999999999591e-01
9.529999999999999583e-01
9.529999999999999583e-01
9.529999999999999583e-01
9.529999999999999583e-01
9.519999999999999574e-01
9.509999999999999565e-01
9.519999999999999574e-01
9.519999999999999574e-01
9.529999999999999583e-01
9.539999999999999591e-01
9.549999999999999600e-01
9.559999999999999609e-01
9.579999999999999627e-01
9.599999999999999645e-01
9.559999999999999609e-01
9.549999999999999600e-01
9.569999999999999618e-01
9.569999999999999618e-01
9.589999999999999636e-01
9.569999999999999618e-01
9.589999999999999636e-01
9.619999999999999662e-01
9.599999999999999645e-01
9.589999999999999636e-01
9.579999999999999627e-01
9.589999999999999636e-01
9.579999999999999627e-01
9.589999999999999636e-01
9.579999999999999627e-01
9.569999999999999618e-01
9.559999999999999609e-01
9.549999999999999600e-01
9.579999999999999627e-01
9.569999999999999618e-01
9.569999999999999618e-01
9.509999999999999565e-01
9.529999999999999583e-01
9.549999999999999600e-01
9.559999999999999609e-01
9.559999999999999609e-01
9.559999999999999609e-01
9.559999999999999609e-01
9.539999999999999591e-01
9.529999999999999583e-01
9.529999999999999583e-01
9.539999999999999591e-01
9.559999999999999609e-01
9.569999999999999618e-01
9.549999999999999600e-01
9.559999999999999609e-01
9.569999999999999618e-01
9.549999999999999600e-01
9.559999999999999609e-01
9.579999999999999627e-01
9.529999999999999583e-01
9.529999999999999583e-01
9.549999999999999600e-01
9.519999999999999574e-01
9.569999999999999618e-01
9.529999999999999583e-01
9.549999999999999600e-01
9.539999999999999591e-01
9.529999999999999583e-01
9.539999999999999591e-01
9.539999999999999591e-01
9.529999999999999583e-01
9.529999999999999583e-01
9.519999999999999574e-01
9.519999999999999574e-01
9.509999999999999565e-01
9.489999999999999547e-01
9.529999999999999583e-01
9.539999999999999591e-01
9.539999999999999591e-01
9.499999999999999556e-01
9.509999999999999565e-01
9.509999999999999565e-01
9.519999999999999574e-01
9.509999999999999565e-01
9.509999999999999565e-01
9.509999999999999565e-01
9.509999999999999565e-01
9.529999999999999583e-01
9.509999999999999565e-01
9.529999999999999583e-01
9.509999999999999565e-01
9.519999999999999574e-01
9.519999999999999574e-01
9.529999999999999583e-01
9.529999999999999583e-01
9.489999999999999547e-01
9.529999999999999583e-01
9.539999999999999591e-01
9.549999999999999600e-01
9.519999999999999574e-01
9.549999999999999600e-01
9.549999999999999600e-01
9.549999999999999600e-01
9.539999999999999591e-01
9.529999999999999583e-01
9.539999999999999591e-01
9.549999999999999600e-01
9.569999999999999618e-01
9.579999999999999627e-01
9.569999999999999618e-01
9.559999999999999609e-01
9.569999999999999618e-01
9.579999999999999627e-01
9.559999999999999609e-01
9.549999999999999600e-01
9.529999999999999583e-01
9.539999999999999591e-01
9.519999999999999574e-01
9.539999999999999591e-01
9.519999999999999574e-01
9.519999999999999574e-01
9.529999999999999583e-01
9.519999999999999574e-01
9.529999999999999583e-01
9.509999999999999565e-01
9.499999999999999556e-01
9.519999999999999574e-01
9.529999999999999583e-01
9.539999999999999591e-01
9.519999999999999574e-01
9.519999999999999574e-01
9.519999999999999574e-01
9.519999999999999574e-01
9.519999999999999574e-01
9.499999999999999556e-01
9.479999999999999538e-01
9.469999999999999529e-01
9.459999999999999520e-01
9.469999999999999529e-01
9.469999999999999529e-01
9.469999999999999529e-01
9.459999999999999520e-01
9.469999999999999529e-01
9.469999999999999529e-01
9.479999999999999538e-01
9.489999999999999547e-01
9.499999999999999556e-01
9.509999999999999565e-01
9.499999999999999556e-01
9.499999999999999556e-01
9.509999999999999565e-01
9.499999999999999556e-01
9.499999999999999556e-01
9.489999999999999547e-01
9.479999999999999538e-01
9.479999999999999538e-01
9.459999999999999520e-01
9.489999999999999547e-01
9.479999999999999538e-01
9.469999999999999529e-01
9.509999999999999565e-01
9.519999999999999574e-01
9.509999999999999565e-01
9.519999999999999574e-01
9.509999999999999565e-01
9.499999999999999556e-01
9.509999999999999565e-01
9.499999999999999556e-01
9.499999999999999556e-01
9.489999999999999547e-01
9.499999999999999556e-01
9.519999999999999574e-01
9.549999999999999600e-01
9.539999999999999591e-01
9.539999999999999591e-01
9.539999999999999591e-01
9.539999999999999591e-01
9.529999999999999583e-01
9.529999999999999583e-01
9.519999999999999574e-01
9.519999999999999574e-01
9.509999999999999565e-01
9.519999999999999574e-01
9.519999999999999574e-01
9.509999999999999565e-01
9.499999999999999556e-01
9.509999999999999565e-01
9.499999999999999556e-01
9.509999999999999565e-01
9.499999999999999556e-01
9.519999999999999574e-01
9.519999999999999574e-01
9.529999999999999583e-01
9.549999999999999600e-01
9.539999999999999591e-01
9.549999999999999600e-01
9.529999999999999583e-01
9.509999999999999565e-01
9.509999999999999565e-01
9.519999999999999574e-01
9.529999999999999583e-01
9.539999999999999591e-01
9.509999999999999565e-01
9.519999999999999574e-01
9.509999999999999565e-01
9.499999999999999556e-01
9.519999999999999574e-01
9.539999999999999591e-01
9.539999999999999591e-01
9.529999999999999583e-01
9.519999999999999574e-01
9.529999999999999583e-01
9.529999999999999583e-01
9.539999999999999591e-01
9.539999999999999591e-01
9.529999999999999583e-01
9.529999999999999583e-01
9.519999999999999574e-01
9.519999999999999574e-01
9.519999999999999574e-01
9.499999999999999556e-01
9.499999999999999556e-01
9.499999999999999556e-01
9.509999999999999565e-01
9.489999999999999547e-01
9.519999999999999574e-01
9.509999999999999565e-01
9.489999999999999547e-01
9.489999999999999547e-01
9.489999999999999547e-01
9.479999999999999538e-01
9.469999999999999529e-01
9.499999999999999556e-01
9.499999999999999556e-01
9.489999999999999547e-01
9.489999999999999547e-01
9.489999999999999547e-01
9.459999999999999520e-01
9.499999999999999556e-01
9.489999999999999547e-01
9.489999999999999547e-01
9.499999999999999556e-01
9.519999999999999574e-01
9.519999999999999574e-01
9.499999999999999556e-01
9.509999999999999565e-01
9.509999999999999565e-01
9.549999999999999600e-01
9.549999999999999600e-01
9.489999999999999547e-01
9.509999999999999565e-01
9.499999999999999556e-01
9.519999999999999574e-01
9.509999999999999565e-01
9.539999999999999591e-01
9.519999999999999574e-01
9.539999999999999591e-01
9.539999999999999591e-01
9.539999999999999591e-01
9.509999999999999565e-01
9.529999999999999583e-01
9.529999999999999583e-01
9.539999999999999591e-01
9.499999999999999556e-01
9.489999999999999547e-01
9.489999999999999547e-01
9.489999999999999547e-01
9.509999999999999565e-01
9.519999999999999574e-01
9.519999999999999574e-01
9.509999999999999565e-01
9.519999999999999574e-01
9.529999999999999583e-01
9.549999999999999600e-01
9.559999999999999609e-01
9.549999999999999600e-01
9.539999999999999591e-01
9.569999999999999618e-01
9.529999999999999583e-01
9.509999999999999565e-01
9.529999999999999583e-01
9.539999999999999591e-01
9.549999999999999600e-01
9.559999999999999609e-01
9.559999999999999609e-01
9.519999999999999574e-01
9.519999999999999574e-01
9.539999999999999591e-01
9.519999999999999574e-01
9.509999999999999565e-01
9.489999999999999547e-01
9.539999999999999591e-01
9.519999999999999574e-01
9.519999999999999574e-01
9.519999999999999574e-01
9.519999999999999574e-01
9.529999999999999583e-01
9.529999999999999583e-01
9.519999999999999574e-01
9.529999999999999583e-01
9.509999999999999565e-01
9.529999999999999583e-01
9.509999999999999565e-01
9.499999999999999556e-01
9.489999999999999547e-01
9.499999999999999556e-01
9.509999999999999565e-01
9.519999999999999574e-01
9.509999999999999565e-01
9.509999999999999565e-01
9.509999999999999565e-01
9.509999999999999565e-01
9.509999999999999565e-01
9.499999999999999556e-01
9.489999999999999547e-01
9.519999999999999574e-01
9.519999999999999574e-01
9.509999999999999565e-01
9.499999999999999556e-01
9.509999999999999565e-01
9.529999999999999583e-01
9.509999999999999565e-01
9.489999999999999547e-01
9.499999999999999556e-01
9.499999999999999556e-01
9.519999999999999574e-01
9.509999999999999565e-01
9.499999999999999556e-01
9.519999999999999574e-01
9.509999999999999565e-01
9.469999999999999529e-01
9.479999999999999538e-01
9.489999999999999547e-01
9.479999999999999538e-01
9.469999999999999529e-01
9.459999999999999520e-01
9.469999999999999529e-01
9.479999999999999538e-01
9.499999999999999556e-01
9.499999999999999556e-01
9.489999999999999547e-01
9.509999999999999565e-01
9.509999999999999565e-01
9.519999999999999574e-01
9.499999999999999556e-01
9.499999999999999556e-01
9.499999999999999556e-01
9.499999999999999556e-01
9.499999999999999556e-01
9.499999999999999556e-01
9.499999999999999556e-01
9.499999999999999556e-01
9.509999999999999565e-01
9.509999999999999565e-01
9.489999999999999547e-01
9.479999999999999538e-01
9.479999999999999538e-01
9.509999999999999565e-01
9.499999999999999556e-01
9.499999999999999556e-01
9.499999999999999556e-01
9.479999999999999538e-01
9.469999999999999529e-01
9.499999999999999556e-01
9.509999999999999565e-01
9.459999999999999520e-01
9.459999999999999520e-01
9.439999999999999503e-01
9.439999999999999503e-01
9.449999999999999512e-01
9.419999999999999485e-01
9.469999999999999529e-01
9.489999999999999547e-01
9.499999999999999556e-01
9.499999999999999556e-01
9.489999999999999547e-01
9.479999999999999538e-01
9.479999999999999538e-01
9.499999999999999556e-01
9.509999999999999565e-01
9.489999999999999547e-01
9.459999999999999520e-01
9.449999999999999512e-01
9.459999999999999520e-01
9.479999999999999538e-01
9.469999999999999529e-01
9.479999999999999538e-01
9.479999999999999538e-01
9.469999999999999529e-01
9.479999999999999538e-01
9.509999999999999565e-01
9.459999999999999520e-01
9.459999999999999520e-01
9.459999999999999520e-01
9.459999999999999520e-01
9.459999999999999520e-01
9.459999999999999520e-01
9.429999999999999494e-01
9.449999999999999512e-01
9.429999999999999494e-01
9.439999999999999503e-01
9.439999999999999503e-01
9.449999999999999512e-01
9.449999999999999512e-01
9.419999999999999485e-01
9.449999999999999512e-01
9.439999999999999503e-01
9.449999999999999512e-01
9.459999999999999520e-01
9.449999999999999512e-01
9.449999999999999512e-01
9.459999999999999520e-01
9.449999999999999512e-01
9.439999999999999503e-01
9.439999999999999503e-01
9.469999999999999529e-01
9.479999999999999538e-01
9.479999999999999538e-01
9.479999999999999538e-01
9.479999999999999538e-01
9.459999999999999520e-01
9.479999999999999538e-01
9.459999999999999520e-01
9.479999999999999538e-01
9.459999999999999520e-01
9.469999999999999529e-01
9.459999999999999520e-01
9.459999999999999520e-01
9.469999999999999529e-01
9.459999999999999520e-01
9.479999999999999538e-01
9.479999999999999538e-01
9.479999999999999538e-01
9.489999999999999547e-01
9.479999999999999538e-01
9.459999999999999520e-01
9.459999999999999520e-01
9.479999999999999538e-01
9.489999999999999547e-01
9.479999999999999538e-01
9.499999999999999556e-01
9.499999999999999556e-01
9.469999999999999529e-01
9.449999999999999512e-01
9.459999999999999520e-01
9.449999999999999512e-01
9.489999999999999547e-01
9.489999999999999547e-01
9.479999999999999538e-01
9.479999999999999538e-01
9.479999999999999538e-01
9.479999999999999538e-01
9.459999999999999520e-01
9.449999999999999512e-01
9.469999999999999529e-01
9.459999999999999520e-01
9.439999999999999503e-01
9.449999999999999512e-01
9.449999999999999512e-01
9.439999999999999503e-01
9.439999999999999503e-01
9.439999999999999503e-01
9.459999999999999520e-01
9.449999999999999512e-01
9.439999999999999503e-01
9.439999999999999503e-01
9.439999999999999503e-01
9.449999999999999512e-01
9.479999999999999538e-01
9.469999999999999529e-01
9.469999999999999529e-01
9.479999999999999538e-01
9.459999999999999520e-01
9.459999999999999520e-01
9.459999999999999520e-01
9.469999999999999529e-01
9.479999999999999538e-01
9.479999999999999538e-01
9.489999999999999547e-01
9.479999999999999538e-01
9.469999999999999529e-01
9.479999999999999538e-01
9.459999999999999520e-01
9.459999999999999520e-01
9.469999999999999529e-01
9.459999999999999520e-01
9.459999999999999520e-01
9.449999999999999512e-01
9.449999999999999512e-01
9.459999999999999520e-01
9.419999999999999485e-01
9.399999999999999467e-01
9.399999999999999467e-01
9.409999999999999476e-01
9.419999999999999485e-01
9.419999999999999485e-01
9.409999999999999476e-01
9.399999999999999467e-01
9.419999999999999485e-01
9.419999999999999485e-01
9.419999999999999485e-01
9.439999999999999503e-01
9.419999999999999485e-01
9.429999999999999494e-01
9.419999999999999485e-01
9.419999999999999485e-01
9.429999999999999494e-01
9.439999999999999503e-01
9.459999999999999520e-01
9.439999999999999503e-01
9.439999999999999503e-01
9.439999999999999503e-01
9.439999999999999503e-01
9.429999999999999494e-01
9.439999999999999503e-01
9.439999999999999503e-01
9.429999999999999494e-01
9.439999999999999503e-01
9.419999999999999485e-01
9.449999999999999512e-01
9.429999999999999494e-01
9.419999999999999485e-01
9.429999999999999494e-01
9.399999999999999467e-01
9.439999999999999503e-01
9.449999999999999512e-01
9.429999999999999494e-01
9.439999999999999503e-01
9.429999999999999494e-01
9.419999999999999485e-01
9.449999999999999512e-01
9.429999999999999494e-01
9.449999999999999512e-01
9.449999999999999512e-01
9.469999999999999529e-01
9.439999999999999503e-01
9.469999999999999529e-01
9.459999999999999520e-01
9.479999999999999538e-01
9.479999999999999538e-01
9.459999999999999520e-01
9.469999999999999529e-01
9.469999999999999529e-01
9.469999999999999529e-01
9.479999999999999538e-01
9.489999999999999547e-01
9.459999999999999520e-01
9.459999999999999520e-01
9.459999999999999520e-01
9.449999999999999512e-01
9.469999999999999529e-01
9.469999999999999529e-01
9.469999999999999529e-01
9.469999999999999529e-01
9.469999999999999529e-01
9.479999999999999538e-01
9.459999999999999520e-01
9.479999999999999538e-01
9.479999999999999538e-01
9.459999999999999520e-01
9.469999999999999529e-01
9.479999999999999538e-01
9.479999999999999538e-01
9.489999999999999547e-01
9.489999999999999547e-01
9.489999999999999547e-01
9.479999999999999538e-01
9.469999999999999529e-01
9.489999999999999547e-01
9.489999999999999547e-01
9.499999999999999556e-01
9.499999999999999556e-01
9.499999999999999556e-01
9.499999999999999556e-01
9.509999999999999565e-01
9.509999999999999565e-01
9.519999999999999574e-01
9.499999999999999556e-01
9.519999999999999574e-01
9.519999999999999574e-01
9.509999999999999565e-01
9.529999999999999583e-01
9.539999999999999591e-01
9.519999999999999574e-01
9.539999999999999591e-01
9.539999999999999591e-01
9.539999999999999591e-01
9.519999999999999574e-01
9.519999999999999574e-01
9.509999999999999565e-01
9.529999999999999583e-01
9.509999999999999565e-01
9.519999999999999574e-01
9.539999999999999591e-01
9.539999999999999591e-01
9.509999999999999565e-01
9.499999999999999556e-01
9.519999999999999574e-01
9.519999999999999574e-01
9.499999999999999556e-01
9.479999999999999538e-01
9.509999999999999565e-01
9.509999999999999565e-01
9.509999999999999565e-01
9.509999999999999565e-01
9.519999999999999574e-01
9.519999999999999574e-01
9.529999999999999583e-01
9.499999999999999556e-01
9.509999999999999565e-01
9.489999999999999547e-01
9.499999999999999556e-01
9.479999999999999538e-01
9.459999999999999520e-01
9.499999999999999556e-01
9.459999999999999520e-01
9.459999999999999520e-01
9.429999999999999494e-01
9.439999999999999503e-01
9.439999999999999503e-01
9.429999999999999494e-01
9.449999999999999512e-01
9.489999999999999547e-01
9.479999999999999538e-01
9.459999999999999520e-01
9.459999999999999520e-01
9.459999999999999520e-01
9.509999999999999565e-01
9.489999999999999547e-01
9.489999999999999547e-01
9.519999999999999574e-01
9.519999999999999574e-01
9.499999999999999556e-01
9.509999999999999565e-01
9.519999999999999574e-01
9.499999999999999556e-01
9.509999999999999565e-01
9.499999999999999556e-01
9.499999999999999556e-01
9.479999999999999538e-01
9.489999999999999547e-01
9.489999999999999547e-01
9.499999999999999556e-01
9.499999999999999556e-01
9.499999999999999556e-01
9.499999999999999556e-01
9.489999999999999547e-01
9.499999999999999556e-01
9.509999999999999565e-01
9.489999999999999547e-01
9.499999999999999556e-01
9.479999999999999538e-01
9.469999999999999529e-01
9.479999999999999538e-01
9.489999999999999547e-01
9.489999999999999547e-01
9.499999999999999556e-01
9.459999999999999520e-01
9.459999999999999520e-01
9.449999999999999512e-01
9.469999999999999529e-01
9.469999999999999529e-01
9.489999999999999547e-01
9.489999999999999547e-01
9.469999999999999529e-01
9.469999999999999529e-01
9.439999999999999503e-01
9.489999999999999547e-01
9.489999999999999547e-01
9.489999999999999547e-01
9.479999999999999538e-01
9.469999999999999529e-01
9.479999999999999538e-01
9.499999999999999556e-01
9.479999999999999538e-01
9.509999999999999565e-01
9.479999999999999538e-01
9.469999999999999529e-01
9.489999999999999547e-01
9.479999999999999538e-01
9.469999999999999529e-01
9.479999999999999538e-01
9.479999999999999538e-01
9.479999999999999538e-01
9.489999999999999547e-01
9.479999999999999538e-01
9.489999999999999547e-01
9.469999999999999529e-01
9.479999999999999538e-01
9.479999999999999538e-01
9.459999999999999520e-01
9.469999999999999529e-01
9.479999999999999538e-01
9.469999999999999529e-01
9.469999999999999529e-01
9.469999999999999529e-01
9.459999999999999520e-01
9.469999999999999529e-01
9.489999999999999547e-01
9.469999999999999529e-01
9.469999999999999529e-01
9.479999999999999538e-01
9.479999999999999538e-01
9.479999999999999538e-01
9.469999999999999529e-01
9.479999999999999538e-01
9.469999999999999529e-01
9.459999999999999520e-01
9.469999999999999529e-01
9.479999999999999538e-01
9.489999999999999547e-01
9.469999999999999529e-01
9.469999999999999529e-01
9.469999999999999529e-01
9.479999999999999538e-01
9.469999999999999529e-01
9.459999999999999520e-01
9.459999999999999520e-01
9.469999999999999529e-01
9.479999999999999538e-01
9.479999999999999538e-01
9.489999999999999547e-01
9.499999999999999556e-01
9.479999999999999538e-01
9.489999999999999547e-01
9.479999999999999538e-01
9.509999999999999565e-01
9.509999999999999565e-01
9.509999999999999565e-01
9.509999999999999565e-01
9.519999999999999574e-01
9.499999999999999556e-01
9.479999999999999538e-01
9.459999999999999520e-01
9.479999999999999538e-01
9.479999999999999538e-01
9.479999999999999538e-01
9.499999999999999556e-01
9.479999999999999538e-01
9.489999999999999547e-01
9.469999999999999529e-01
9.469999999999999529e-01
9.479999999999999538e-01
9.489999999999999547e-01
9.479999999999999538e-01
9.479999999999999538e-01
9.479999999999999538e-01
9.469999999999999529e-01
9.469999999999999529e-01
9.469999999999999529e-01
9.469999999999999529e-01
9.489999999999999547e-01
9.469999999999999529e-01
9.479999999999999538e-01
9.489999999999999547e-01
9.479999999999999538e-01
9.489999999999999547e-01
9.489999999999999547e-01
