1.000000000000000000e+00
1.000000000000000000e+00
9.790148801105478249e-01
8.149212874764092396e-01
7.058892648581623908e-01
5.382886753317469575e-01
3.998035249905324551e-01
2.746926477078281414e-01
2.567112324309802629e-01
2.278513714924295386e-01
2.138107347938784653e-01
2.094401874621047710e-01
1.846648786492159910e-01
1.935257796060901314e-01
1.747930116322577443e-01
1.695124027388017207e-01
1.660167279156938569e-01
1.609214370973166830e-01
1.735788781089581956e-01
1.473434264411572769e-01
1.507571130068650345e-01
1.559701017323243677e-01
1.510996387440134425e-01
1.486944060697863168e-01
1.494908842830928730e-01
1.481265716511117880e-01
1.530946939103867976e-01
1.482606004310621506e-01
1.382158497870711322e-01
1.445942437642940281e-01
1.484622887744096453e-01
1.442965793272876773e-01
1.371219376668917356e-01
1.298883404109050510e-01
1.353442588357774701e-01
1.349279017628439992e-01
1.254556571965315948e-01
1.344481094866214754e-01
1.316754421197400271e-01
1.280810043878342908e-01
1.344925492383904075e-01
1.275884795007994343e-01
1.221868611407996158e-01
1.279278029389010751e-01
1.216197870193825026e-01
1.222356669881627944e-01
1.220999202796456962e-01
1.250088070711821431e-01
1.167386496157675757e-01
1.298710367700933177e-01
1.269120306799912667e-01
1.195162490878684258e-01
1.234090624868538350e-01
1.210519899475138716e-01
1.243191153206287813e-01
1.157003428956257796e-01
1.175690324214926225e-01
1.147795649173962707e-01
1.222192127321951038e-01
1.163661678552248974e-01
1.177917846624622206e-01
1.214015715331792783e-01
1.105698071818056877e-01
1.159282633130059997e-01
1.090192728665404509e-01
1.164841044783554991e-01
1.069420141398009227e-01
1.088256983314788845e-01
1.142302410058251005e-01
1.152171592590503502e-01
1.140710969552870824e-01
1.091556506302748530e-01
1.094444379259113947e-01
1.080050348220931850e-01
1.176920681054105106e-01
1.117188276884354819e-01
1.164370414094828693e-01
1.154687423022548176e-01
1.108674910174804740e-01
1.063191965736351163e-01
1.094522907485219049e-01
1.105129484997582762e-01
1.105257275756681840e-01
1.131664031793401803e-01
1.138809158111284969e-01
1.145628232061669943e-01
9.998442752147283785e-02
1.034210990320554857e-01
1.017515743663262723e-01
1.049030832917636907e-01
1.015202208477698764e-01
1.035671752213488811e-01
1.119119490458397315e-01
1.092265280806472977e-01
1.056625117270919012e-01
1.015944260327345666e-01
1.075970473015795820e-01
1.055229777599589192e-01
1.074401501763730254e-01
1.041654034449921717e-01
9.746055808861454894e-02
1.099595082516914013e-01
1.062370371329549590e-01
1.056683332560420241e-01
1.044338249366288246e-01
1.061526505617106653e-01
1.021082887818911267e-01
1.068854843564225332e-01
1.081387830022021157e-01
9.792456444552978534e-02
1.042638228267330630e-01
1.049195407641274197e-01
1.038869568828143242e-01
1.045944656635611897e-01
1.030007494533572432e-01
9.970757893017542783e-02
1.066986651215734438e-01
9.660245121547032798e-02
1.010803760629518794e-01
9.060572562190057078e-02
1.012096223137900902e-01
1.008492180572004432e-01
9.397783969395236137e-02
9.882912999816378941e-02
1.013262875659956264e-01
9.698893330350874531e-02
1.004957977425500054e-01
9.596914062692932235e-02
1.057710975841468642e-01
1.016028627595504663e-01
9.644795718450203947e-02
9.552067780489924276e-02
9.451393335252092354e-02
1.039099769891851793e-01
9.637691957827289324e-02
9.749766926830556735e-02
9.506483427131345865e-02
1.086677571566605355e-01
9.974142744124983584e-02
1.087230357900519084e-01
1.008764216773106737e-01
1.014955459535511750e-01
1.001162217369860469e-01
9.145241805361994936e-02
9.214564084383883302e-02
1.069735454793437623e-01
9.098121784529374090e-02
9.645981415549376159e-02
9.933010506765060921e-02
9.962315600968055240e-02
9.497942353718297204e-02
1.001386508300196737e-01
9.198487176850103642e-02
8.602573291899459629e-02
1.001038798026940985e-01
9.068635082156459304e-02
9.522179202056697822e-02
9.824412187775469207e-02
9.360181202821560298e-02
9.395652781925335761e-02
9.052142978821874075e-02
9.398801645776182212e-02
9.340208164097253685e-02
8.748262435518473767e-02
9.708118640281808431e-02
9.784920357025166104e-02
1.014242369432098168e-01
9.207443857769298523e-02
9.279521863714608465e-02
9.466149154308697855e-02
1.015835107493979900e-01
9.176085389904545253e-02
9.185864518014638658e-02
9.455128939723189685e-02
8.940413051762659269e-02
8.240893523397981035e-02
8.797280536462362410e-02
9.233286728971025481e-02
9.429670089699422608e-02
9.458934164262290667e-02
8.823095028830707509e-02
8.635489323961532959e-02
9.356656061379561851e-02
9.398263790156491382e-02
8.731476443185803848e-02
8.967038767861638948e-02
9.229711358109085606e-02
9.566765684252233337e-02
8.487403933571151249e-02
8.767156573475146097e-02
8.743050123905599103e-02
9.169291674713965501e-02
9.538390367997652552e-02
8.852255997376815011e-02
9.880113607641685669e-02
9.487523450600186814e-02
9.371610168368466054e-02
9.548138585521684374e-02
1.035551533802097912e-01
9.145815575806758024e-02
8.579206869890004805e-02
9.178799820772760854e-02
9.166049594802194722e-02
9.179566775679161295e-02
8.531477854879349065e-02
8.692311817042201738e-02
8.803337706084936320e-02
8.694451714932352471e-02
8.588974784954792052e-02
8.942429963900887235e-02
8.038373702744071314e-02
8.181998947572961811e-02
8.174862777307291550e-02
8.831342309946545177e-02
8.635473595741921526e-02
8.891661919741988829e-02
9.317037632722259544e-02
8.503012656396111146e-02
8.864277791111199734e-02
9.136477768120256082e-02
8.877021435111689951e-02
9.351379688932992540e-02
8.293420641428850271e-02
9.069029918500179366e-02
8.413383227710134749e-02
8.926162037096951885e-02
8.928478552946569891e-02
8.107292245280173226e-02
8.999267510030949102e-02
8.373543732006374918e-02
8.615139860907679303e-02
8.851979146479195537e-02
8.918321536053816501e-02
8.103651326441820013e-02
8.424295384322358360e-02
9.126168687735515539e-02
8.994833486529969779e-02
8.836923899255698378e-02
8.717056197732644951e-02
8.424350687273735039e-02
8.598370908241707855e-02
8.623859769449800095e-02
8.257079922137863792e-02
9.071110120265570009e-02
9.108970788125793361e-02
8.352789242603417263e-02
9.567428093403199107e-02
8.797468863306086295e-02
8.837576776062164297e-02
8.121750580301166644e-02
8.729473360890702138e-02
8.141675708855052040e-02
8.863167758693282772e-02
8.583426079565732725e-02
8.459645875931195991e-02
8.146233092669913356e-02
8.824774606519231179e-02
8.297192804879638395e-02
8.631817886252700356e-02
8.803733789085754768e-02
8.198330164357858774e-02
8.848476383825229497e-02
8.459078966312516545e-02
7.999958077447459626e-02
8.675432748110793735e-02
8.571859072472537422e-02
9.365337384213154315e-02
8.247851370051367814e-02
8.305219953018339041e-02
8.176582512410808523e-02
8.806756446338818989e-02
9.478370095253589589e-02
8.710787837879599427e-02
8.050723812517202038e-02
8.871863835378474006e-02
7.467251215053974378e-02
8.393946654197538548e-02
8.838442781564757877e-02
8.761620217078680550e-02
8.404028650587372362e-02
8.912248912308180782e-02
8.177201180728192742e-02
7.519698187544657242e-02
8.570022861281807736e-02
8.269997435000495112e-02
8.150190336524029688e-02
8.110438797116828469e-02
8.756180465572582783e-02
8.192298087021554487e-02
9.077419037936970692e-02
7.882344492354106946e-02
8.408976088671900329e-02
7.462519758358883426e-02
7.580810636246002043e-02
7.593441610254340890e-02
8.371582201559252256e-02
8.779639561248535340e-02
7.764932797440121659e-02
7.940875376299075250e-02
7.911642187373055246e-02
8.622593569002102998e-02
8.343133288205381581e-02
7.989464239215504637e-02
8.226972750591694805e-02
8.896755782449648764e-02
7.605437001488372928e-02
7.886272538467933857e-02
8.297999771646878686e-02
8.813993432724150090e-02
8.496824530677966891e-02
8.586888245398961728e-02
7.845402592814955389e-02
8.016923965187684742e-02
8.555199134268312577e-02
8.089605247925707454e-02
8.764123916360887223e-02
7.943308739323313994e-02
8.616294770274449122e-02
8.219734382237274539e-02
7.944625715755598838e-02
8.677312345537883942e-02
8.183964422390706261e-02
8.395002837158406506e-02
9.118671262703349767e-02
8.465683760584079287e-02
7.836138692137682715e-02
8.710777703217843781e-02
8.390349237712095565e-02
8.151426161772530599e-02
8.609725439144101655e-02
8.610058614345113270e-02
8.161955058020473053e-02
7.873943987678470868e-02
8.164901760559192812e-02
7.864313898736394193e-02
8.582255460944709924e-02
7.895957402508491096e-02
8.029451340565978146e-02
8.265667995091012521e-02
8.177638972172841803e-02
8.078820765609495691e-02
7.754005570809834047e-02
8.218447506096225597e-02
8.445051032422098980e-02
8.215481048904119121e-02
7.952394529930094380e-02
7.994069694683927918e-02
8.847812708751669197e-02
8.033898902255981467e-02
8.351498636659603070e-02
8.088241181393630852e-02
8.082518900406687745e-02
8.368590112780274759e-02
8.414367289157280438e-02
7.844449360584199171e-02
8.362459521769093074e-02
7.534141879508871043e-02
7.395702934279442531e-02
7.321329234416379395e-02
7.945367570391664858e-02
7.664023564464408911e-02
7.693321648699434634e-02
7.998934154766103310e-02
7.902261871854847353e-02
8.499249543418992137e-02
7.891006847619619347e-02
7.905439134208400165e-02
7.521126085218254875e-02
7.464716002769138103e-02
8.320396889383638306e-02
8.499120466625539883e-02
7.349765193654164697e-02
7.472476123566119954e-02
8.227803376272307956e-02
8.437331679478331237e-02
7.535528874937488797e-02
7.856996936772088491e-02
8.220497493432134262e-02
7.848896057008265814e-02
8.348611925535001643e-02
7.632021917482481599e-02
7.895782034231182966e-02
7.824183098491001298e-02
8.357568460515414632e-02
8.060708506864425194e-02
8.016364915141398206e-02
7.525709865466094495e-02
7.334277022846844019e-02
8.335152185261249236e-02
7.548917082584551130e-02
8.234065450101783756e-02
7.587934396996434683e-02
7.511234017056477030e-02
7.684699974716877047e-02
7.637999616407437076e-02
8.161179695252800126e-02
7.644846485439645012e-02
6.895402505538909821e-02
7.663585063069637549e-02
6.905077229787806581e-02
7.862035954460568077e-02
7.930044319284904053e-02
7.533541430355560065e-02
8.076924176599213634e-02
7.925926086450943431e-02
7.375628623032925990e-02
8.145743829145206394e-02
8.034370443334939993e-02
8.426767126411786879e-02
7.241481261694855676e-02
8.084883073316194435e-02
7.493854736278914019e-02
7.753157180846283192e-02
8.093097867810450374e-02
7.934182481454045421e-02
7.078963789738859647e-02
7.752372417692195150e-02
7.631032871596578337e-02
7.301181878418158688e-02
7.765221745887483651e-02
7.578204208954769650e-02
7.816955365444468173e-02
7.879232929523909135e-02
7.997479485109917907e-02
7.037194232118405834e-02
8.399536667595484951e-02
7.722853070484263227e-02
7.296577962691458419e-02
7.731453611670000003e-02
7.567600685901844371e-02
7.143517578098866616e-02
8.181118525634846483e-02
7.469137130346410747e-02
7.785465117570876392e-02
6.774708972024706677e-02
7.360379988481205449e-02
8.207138822964250846e-02
7.631150053419069601e-02
7.259197329133268428e-02
7.506559852792470122e-02
7.883393176984947182e-02
8.163792132117818345e-02
7.957737327278263662e-02
8.164789975288572199e-02
8.217369552883301009e-02
8.092540241946330482e-02
7.230104178427673722e-02
7.787038784297278804e-02
8.001629050798339526e-02
8.122575761018344109e-02
7.035543166563519579e-02
7.824229416682096372e-02
7.858681554273530545e-02
7.732858516533108739e-02
7.311852261187415380e-02
7.704256360613959131e-02
7.845774859335101492e-02
7.391850765297970638e-02
7.236371561595647539e-02
7.459884923305103166e-02
7.815903809573242211e-02
7.501544016117528413e-02
7.992582566922731835e-02
7.173609275914913375e-02
7.322043498291877506e-02
7.082163014160970660e-02
7.195732774981421220e-02
7.443587119940431318e-02
7.185873986632176913e-02
7.332557469340335310e-02
7.575081241433277712e-02
7.771503034068062699e-02
7.466971930664438595e-02
7.491481432149542374e-02
7.239129115837834860e-02
7.466231532615991151e-02
7.948962663564757003e-02
8.248719184743588673e-02
7.284038968923246815e-02
7.361446054710424347e-02
7.409480324366359005e-02
7.441750818454627436e-02
7.759500427070400996e-02
7.640414794210470539e-02
8.386173450140523011e-02
6.815961502240218406e-02
7.587425337388023494e-02
7.366189720537909269e-02
7.815162591454910546e-02
7.430756645324555765e-02
7.110682914078769734e-02
7.562137944444834170e-02
7.040179296553042421e-02
7.243408809274515248e-02
8.094011909493732670e-02
7.387300573560058592e-02
7.611642137159529975e-02
7.392323749897260210e-02
7.186699931862178259e-02
7.906454154828596037e-02
6.876893848634699213e-02
7.517942072976438461e-02
7.495617742495214175e-02
7.561083176789137883e-02
7.259443445915640669e-02
8.074796566674354026e-02
7.842383598419505608e-02
7.304403893947920834e-02
6.968331773540649421e-02
7.401802453977546215e-02
7.946638719129157924e-02
7.194526108620832860e-02
7.811451699872544452e-02
7.541458229902088528e-02
7.134267436700415799e-02
7.035158898046899034e-02
7.499428692899758053e-02
6.790013447645065758e-02
6.970699596845252033e-02
7.127743427254021324e-02
8.046368491326126582e-02
7.647562047150022191e-02
7.189657079796020478e-02
7.814640264209371523e-02
7.470154333157344451e-02
7.905855847880537135e-02
7.844372243061323302e-02
7.330245708530454263e-02
7.181405912318597484e-02
7.822505113468981863e-02
7.092929333925171442e-02
7.587579991454428130e-02
7.506748918672551119e-02
7.599393836626941456e-02
7.132164146772845825e-02
7.696328923865081162e-02
7.450436572487441345e-02
7.928358791105984127e-02
7.510152131547193077e-02
6.867925013641007492e-02
7.297568702604653734e-02
7.275351418839688666e-02
6.891114260540429082e-02
6.691579391749286065e-02
7.379643779294528527e-02
7.302687475506569603e-02
7.130465705129744591e-02
7.262674982258242318e-02
6.937491177277421706e-02
7.518331120680206425e-02
8.244922958598209506e-02
7.321673852889665213e-02
7.732310423911480102e-02
7.514300415434110869e-02
7.443591111451204612e-02
7.058489878116565308e-02
6.886224854347290647e-02
7.090004750033128411e-02
7.404176991950690845e-02
7.246181625144790250e-02
7.263314858107669525e-02
7.305685983016971252e-02
6.740903815964424672e-02
6.970586359759813055e-02
7.649709028015769241e-02
7.791773681923733208e-02
6.555335859857865100e-02
6.793051958167481419e-02
7.299592654358109944e-02
7.577300887367489912e-02
6.923128894309384107e-02
7.579643637354575858e-02
7.179043056254821864e-02
6.961651181640250707e-02
7.268132953505027083e-02
7.010770893625252465e-02
6.854519751319509968e-02
6.815713141778537154e-02
7.243279415474347671e-02
7.297044705425419220e-02
7.512041041623376825e-02
7.364183765568099727e-02
7.234131460700569949e-02
6.750771302604054169e-02
6.880715323247572901e-02
7.216750111711957294e-02
7.308350910342825690e-02
7.879637994780545884e-02
7.333311122729954667e-02
7.486739109418297233e-02
8.090828245881460934e-02
7.293113576401794029e-02
6.790527812053548384e-02
7.664669131242578259e-02
7.245818471273474115e-02
8.149988263071573924e-02
7.157396091917135605e-02
7.502783650861516440e-02
6.642398076922133299e-02
7.160738622018175681e-02
7.204249189674506726e-02
6.888314229773584429e-02
6.976532564952798998e-02
7.229882450466826316e-02
7.469721564267514657e-02
6.800313249174121111e-02
6.824047590048024081e-02
6.707471012867655125e-02
7.215984613060137665e-02
6.902657610573524616e-02
7.454616690006293789e-02
7.083651685913308627e-02
7.209996483743526252e-02
7.132223310608612477e-02
7.366229397743573326e-02
6.854764491511700086e-02
7.186035669529945713e-02
7.703126051392114593e-02
7.192429859882397414e-02
6.735839946580772508e-02
7.657740640278178079e-02
7.616095550041897255e-02
7.170897362413591880e-02
7.241126781392230594e-02
7.061561442873466599e-02
7.015164727789421906e-02
7.234087431411716229e-02
7.414515295886299484e-02
6.926578549404240059e-02
6.852990020960085527e-02
7.040556620310423064e-02
7.098923228266472429e-02
6.714998277319243758e-02
8.110242264952415014e-02
7.080822067775642548e-02
7.315086895882534634e-02
6.989745676588149381e-02
6.624407602282338103e-02
7.202333044023113973e-02
7.482444464612056367e-02
7.613031066109550438e-02
6.701244552726487447e-02
6.813920308518658930e-02
7.830777173327846397e-02
7.353328914240112035e-02
6.621614576161974353e-02
6.656631183649985850e-02
7.268176186117844551e-02
7.042961978761699826e-02
6.731240620658435203e-02
7.014929132712394155e-02
7.109894871738377253e-02
7.625081103007703975e-02
6.957154470198426144e-02
7.186323470417671500e-02
6.835378132277089569e-02
7.380359320973181592e-02
7.376974364642645277e-02
6.605842580926103713e-02
6.720308014593542878e-02
7.030580624542871748e-02
6.573987281719580189e-02
6.518978970535967143e-02
7.388499976068582664e-02
7.766981908641623633e-02
6.969748139091137829e-02
6.693129776834542966e-02
7.204675598898496736e-02
7.094064119744999952e-02
6.527010948419012526e-02
6.876149427263027192e-02
6.800649033946039312e-02
7.736120384796008054e-02
7.059930014094238648e-02
7.075639764767724382e-02
7.224246915116543100e-02
6.894763623274248465e-02
6.598511503534346123e-02
7.798707663898912790e-02
7.477536649320247475e-02
7.686757939522685656e-02
7.104776809209469024e-02
7.218973250457225155e-02
6.977779409750987927e-02
7.110172918705830181e-02
6.832068654720258039e-02
7.073758699903406888e-02
6.512245737274738322e-02
7.167631042553813947e-02
6.837553245483887765e-02
6.564199979974613686e-02
7.548279751351022471e-02
6.952076323283236381e-02
7.241754776399134119e-02
6.576970587069459750e-02
6.563018768200201691e-02
7.118549566206715251e-02
6.794168575500598994e-02
7.029374640521945938e-02
6.736376850340296263e-02
6.933440206693536334e-02
6.802725590531363831e-02
6.739801639690506940e-02
6.794860911690991934e-02
6.795046412420720217e-02
6.813962370272431956e-02
6.744132736222520352e-02
6.661711323585745026e-02
7.431078742906976897e-02
6.755613793030973424e-02
7.049537995424264014e-02
6.500924419393525056e-02
6.675038899588384145e-02
6.896973610181218739e-02
6.701436141730592044e-02
6.889010173944448701e-02
7.433127625015306661e-02
7.129203868448388826e-02
6.569386756636218239e-02
6.728846755185881323e-02
6.748573437726795854e-02
7.111020389725765389e-02
7.222636965143847121e-02
6.774604900601702284e-02
7.079531560371796206e-02
6.981536705173961577e-02
6.712438876353227224e-02
6.501849041868000556e-02
6.715628911092755282e-02
6.802107648425376185e-02
6.944036794354076225e-02
7.460249365572980962e-02
7.166385686740142646e-02
7.236210787544519740e-02
6.648004932052543892e-02
6.854268536322245808e-02
6.578762201641112639e-02
6.952841386780089783e-02
7.144887330008317661e-02
6.762752923738610256e-02
6.651599747023734244e-02
7.393000525917317600e-02
7.356434315222776243e-02
6.916178775615414165e-02
7.104366738928798164e-02
6.672323596928853018e-02
6.552407541419483228e-02
7.283725431473007939e-02
7.307055768120600259e-02
6.781761391801867378e-02
7.143169536129460873e-02
7.123781492661694636e-02
7.374461561952962152e-02
6.640965703614430671e-02
6.843543383038262762e-02
6.873735972101183145e-02
7.485779854314558723e-02
7.161583665922983954e-02
6.619353780131455312e-02
7.069325365345696666e-02
7.080925591586761936e-02
6.911805180127367221e-02
7.042053836036643588e-02
6.820688779914066413e-02
6.657855369337364881e-02
6.983368783138371727e-02
7.429197497262299277e-02
6.885562296894806589e-02
6.475738735627636911e-02
6.703954276257495515e-02
7.294168347220787718e-02
7.567281400487778364e-02
6.587336018989931041e-02
6.872763991131120020e-02
6.542642706808013409e-02
6.663757976662126881e-02
6.583380959417842182e-02
6.737914353979632121e-02
6.851080548660930247e-02
6.870210204392387943e-02
6.900105535382652922e-02
6.600558336666070836e-02
7.092101421377204618e-02
7.007541439665644634e-02
6.341135735043701427e-02
6.867553388601231601e-02
6.969909583143364673e-02
7.555575315985216256e-02
6.737492578596929182e-02
7.296918003899102723e-02
6.450211588682894237e-02
6.671263548510826535e-02
6.068535821098326039e-02
6.823985401529651662e-02
6.131790056031594105e-02
6.861083949078913835e-02
6.872814132097557205e-02
7.101666492031523392e-02
6.841031032979751070e-02
6.619274468531087530e-02
6.900216197914109395e-02
6.781332538061057846e-02
6.880474103003603181e-02
6.064253054171502705e-02
7.161936465807446084e-02
7.262091301516183928e-02
6.495346885493155642e-02
6.805681194545694368e-02
6.599068835387048026e-02
6.202670600588985200e-02
6.757562342808981493e-02
7.032741199956024647e-02
6.540068793140681180e-02
7.283034810776543855e-02
6.774475843640867523e-02
6.620045830098003625e-02
6.558577653516775574e-02
7.044391429004509542e-02
6.968894656895269213e-02
6.367441108650268022e-02
6.846640694044521525e-02
7.228488587170389668e-02
6.712429544206767462e-02
7.452995346891731765e-02
6.698332946791223097e-02
6.216331967447560891e-02
7.151164905021306639e-02
6.834342910832640061e-02
6.495147874836003365e-02
7.053220944529825509e-02
6.623265529087404846e-02
7.533533974494867336e-02
6.941831607296866657e-02
6.640234928632655909e-02
6.731390105896205289e-02
6.572735603453888631e-02
6.407079150647208843e-02
6.044418315353033283e-02
6.580074498604707167e-02
6.566686956776451867e-02
7.156963194803542261e-02
6.346000328240181121e-02
7.020253710971523231e-02
7.363823500288740886e-02
6.258927043804492218e-02
6.275785180690017506e-02
6.632288102900231463e-02
6.406758055655027706e-02
6.636796647184521614e-02
6.746806323865420230e-02
6.461895351445684499e-02
6.874896510423479656e-02
6.589301901427621622e-02
6.569289351590343329e-02
7.023401378314378385e-02
6.428610124368283607e-02
6.837951766386492214e-02
6.350905581820781576e-02
6.728002548493482171e-02
6.266038477495461390e-02
7.091389221947301535e-02
6.947591329246249892e-02
6.187629584093314039e-02
6.638752752062780649e-02
7.757795915019277677e-02
6.506929927187513063e-02
6.758224654644888474e-02
6.793779744720697400e-02
6.949217073720573290e-02
6.529477074825881799e-02
6.696279160364697336e-02
6.779233977038329195e-02
6.668182596429074460e-02
6.392882787851107695e-02
6.465312955495765290e-02
6.627223540398127777e-02
7.083776147298367909e-02
6.478119256407641191e-02
6.471095241463525882e-02
6.469550143055383118e-02
6.840136583349169797e-02
6.525825322026029829e-02
6.940262518558484861e-02
6.447383449056651172e-02
6.154747134377575729e-02
6.252260618136157300e-02
6.187811574110446688e-02
6.654407892100508426e-02
6.805169396348441369e-02
6.759843913842238095e-02
6.399656057635484674e-02
7.400520983718295032e-02
6.363367790698169768e-02
6.664745597632930341e-02
6.984628927728599168e-02
6.962662197070733361e-02
6.409641130994896130e-02
6.947439157057261339e-02
6.753180239312049638e-02
6.606965057165656297e-02
6.539564136018830021e-02
6.790381117252732024e-02
7.062498680712724075e-02
6.555221698073658565e-02
6.726419545568258773e-02
6.533029377946399097e-02
6.531008704626334316e-02
6.034547329231999130e-02
7.135967078187215040e-02
6.852486605966408295e-02
6.430549045684885723e-02
6.392826969787057667e-02
6.526071114048608013e-02
7.083084723393699711e-02
6.298288200044850627e-02
7.040640211494232636e-02
6.339550698487046720e-02
6.255517280447803197e-02
6.496902529388241809e-02
6.551824050207714911e-02
6.872074064439524788e-02
7.178194907949898840e-02
6.161658984184198440e-02
6.348794809179947318e-02
6.766746583358777822e-02
6.708418591810896836e-02
6.371890811023793455e-02
6.523556611797579063e-02
7.087501569011497859e-02
6.527437050975061494e-02
6.650506838866519776e-02
6.575893043155642270e-02
6.321992044194345295e-02
6.948244486012904175e-02
6.582058106963714628e-02
6.971292425528495540e-02
6.519425951683881226e-02
6.560877778559817686e-02
6.471645181738958086e-02
6.486825344599719823e-02
6.955154665373723677e-02
6.043759759704004503e-02
5.969592491450068789e-02
6.844400240123925394e-02
6.233345665839417488e-02
6.818962626537157512e-02
7.265371658943731159e-02
7.055055918065920861e-02
6.898211610468577004e-02
6.702001322264598826e-02
6.448730203688773921e-02
6.521470017901141725e-02
6.152115202309303699e-02
6.517980987990773523e-02
6.700783445714508790e-02
6.953775395512130919e-02
6.602733725099313444e-02
6.847933746212134243e-02
7.200977501225706845e-02
6.592672445971620165e-02
6.397867333901256781e-02
6.632926883767717441e-02
6.551158727476076582e-02
6.057486167523648546e-02
6.214686676688517541e-02
6.796481254545652662e-02
6.588141522914642279e-02
6.910348701337210020e-02
6.348375505516962169e-02
6.340066801094387805e-02
6.753322786774794417e-02
5.761463653774812066e-02
6.546120435501327772e-02
6.531579116717393940e-02
6.175207970506511879e-02
6.609234449594234007e-02
6.661908791490303572e-02
6.596683095508740213e-02
7.132878135613604509e-02
6.527578113763875256e-02
6.139099424141189476e-02
6.930952000736888274e-02
7.050921736562722197e-02
6.328681027344847110e-02
6.937227080412461389e-02
6.624888080256566281e-02
6.668937629626464636e-02
6.860243393528099587e-02
6.655373643176201726e-02
7.086697975543461425e-02
6.272242884037999844e-02
6.888885805759151215e-02
6.462065498213294401e-02
6.423675546041740514e-02
6.225768089398098920e-02
6.979743069592461713e-02
6.632593548866590194e-02
6.547670287635877495e-02
6.829049990126602465e-02
6.664074484201201742e-02
