1.000000000000000000e+00
1.000000000000000000e+00
9.959999999999999964e-01
9.879999999999999893e-01
9.819999999999999840e-01
9.689999999999999725e-01
9.559999999999999609e-01
9.459999999999999520e-01
9.439999999999999503e-01
9.459999999999999520e-01
9.389999999999999458e-01
9.360000000000000542e-01
9.419999999999999485e-01
9.310000000000000497e-01
9.439999999999999503e-01
9.310000000000000497e-01
9.379999999999999449e-01
9.350000000000000533e-01
9.340000000000000524e-01
9.389999999999999458e-01
9.340000000000000524e-01
9.350000000000000533e-01
9.340000000000000524e-01
9.330000000000000515e-01
9.360000000000000542e-01
9.379999999999999449e-01
9.389999999999999458e-01
9.360000000000000542e-01
9.330000000000000515e-01
9.389999999999999458e-01
9.350000000000000533e-01
9.320000000000000506e-01
9.320000000000000506e-01
9.330000000000000515e-01
9.290000000000000480e-01
9.280000000000000471e-01
9.320000000000000506e-01
9.250000000000000444e-01
9.280000000000000471e-01
9.230000000000000426e-01
9.260000000000000453e-01
9.290000000000000480e-01
9.340000000000000524e-01
9.330000000000000515e-01
9.310000000000000497e-01
9.290000000000000480e-01
9.250000000000000444e-01
9.250000000000000444e-01
9.220000000000000417e-01
9.250000000000000444e-01
9.260000000000000453e-01
9.290000000000000480e-01
9.300000000000000488e-01
9.320000000000000506e-01
9.399999999999999467e-01
9.370000000000000551e-01
9.320000000000000506e-01
9.300000000000000488e-01
9.300000000000000488e-01
9.310000000000000497e-01
9.220000000000000417e-01
9.310000000000000497e-01
9.290000000000000480e-01
9.290000000000000480e-01
9.280000000000000471e-01
9.230000000000000426e-01
9.150000000000000355e-01
9.220000000000000417e-01
9.240000000000000435e-01
9.240000000000000435e-01
9.240000000000000435e-01
9.210000000000000409e-01
9.210000000000000409e-01
9.220000000000000417e-01
9.240000000000000435e-01
9.200000000000000400e-01
9.240000000000000435e-01
9.270000000000000462e-01
9.260000000000000453e-01
9.350000000000000533e-01
9.350000000000000533e-01
9.310000000000000497e-01
9.300000000000000488e-01
9.310000000000000497e-01
9.290000000000000480e-01
9.300000000000000488e-01
9.360000000000000542e-01
9.310000000000000497e-01
9.360000000000000542e-01
9.340000000000000524e-01
9.300000000000000488e-01
9.300000000000000488e-01
9.280000000000000471e-01
9.320000000000000506e-01
9.330000000000000515e-01
9.350000000000000533e-01
9.330000000000000515e-01
9.340000000000000524e-01
9.350000000000000533e-01
9.389999999999999458e-01
9.330000000000000515e-01
9.320000000000000506e-01
9.370000000000000551e-01
9.419999999999999485e-01
9.379999999999999449e-01
9.360000000000000542e-01
9.370000000000000551e-01
9.370000000000000551e-01
9.340000000000000524e-01
9.370000000000000551e-01
9.310000000000000497e-01
9.379999999999999449e-01
9.360000000000000542e-01
9.330000000000000515e-01
9.379999999999999449e-01
9.350000000000000533e-01
9.340000000000000524e-01
9.340000000000000524e-01
9.370000000000000551e-01
9.360000000000000542e-01
9.370000000000000551e-01
9.310000000000000497e-01
9.330000000000000515e-01
9.330000000000000515e-01
9.290000000000000480e-01
9.270000000000000462e-01
9.250000000000000444e-01
9.190000000000000391e-01
9.220000000000000417e-01
9.270000000000000462e-01
9.260000000000000453e-01
9.230000000000000426e-01
9.260000000000000453e-01
9.220000000000000417e-01
9.220000000000000417e-01
9.230000000000000426e-01
9.210000000000000409e-01
9.160000000000000364e-01
9.160000000000000364e-01
9.210000000000000409e-01
9.190000000000000391e-01
9.230000000000000426e-01
9.220000000000000417e-01
9.250000000000000444e-01
9.250000000000000444e-01
9.300000000000000488e-01
9.320000000000000506e-01
9.290000000000000480e-01
9.290000000000000480e-01
9.300000000000000488e-01
9.340000000000000524e-01
9.350000000000000533e-01
9.340000000000000524e-01
9.320000000000000506e-01
9.330000000000000515e-01
9.320000000000000506e-01
9.340000000000000524e-01
9.340000000000000524e-01
9.350000000000000533e-01
9.409999999999999476e-01
9.360000000000000542e-01
9.350000000000000533e-01
9.399999999999999467e-01
9.370000000000000551e-01
9.350000000000000533e-01
9.330000000000000515e-01
9.300000000000000488e-01
9.330000000000000515e-01
9.340000000000000524e-01
9.320000000000000506e-01
9.310000000000000497e-01
9.290000000000000480e-01
9.310000000000000497e-01
9.290000000000000480e-01
9.270000000000000462e-01
9.270000000000000462e-01
9.250000000000000444e-01
9.280000000000000471e-01
9.250000000000000444e-01
9.310000000000000497e-01
9.290000000000000480e-01
9.250000000000000444e-01
9.270000000000000462e-01
9.210000000000000409e-01
9.230000000000000426e-01
9.290000000000000480e-01
9.280000000000000471e-01
9.290000000000000480e-01
9.250000000000000444e-01
9.200000000000000400e-01
9.170000000000000373e-01
9.160000000000000364e-01
9.200000000000000400e-01
9.140000000000000346e-01
9.100000000000000311e-01
9.130000000000000338e-01
9.140000000000000346e-01
9.100000000000000311e-01
9.160000000000000364e-01
9.150000000000000355e-01
9.170000000000000373e-01
9.130000000000000338e-01
9.120000000000000329e-01
9.160000000000000364e-01
9.140000000000000346e-01
9.190000000000000391e-01
9.150000000000000355e-01
9.170000000000000373e-01
9.150000000000000355e-01
9.160000000000000364e-01
9.160000000000000364e-01
9.180000000000000382e-01
9.180000000000000382e-01
9.160000000000000364e-01
9.200000000000000400e-01
9.220000000000000417e-01
9.210000000000000409e-01
9.180000000000000382e-01
9.220000000000000417e-01
9.180000000000000382e-01
9.160000000000000364e-01
9.160000000000000364e-01
9.150000000000000355e-01
9.100000000000000311e-01
9.140000000000000346e-01
9.090000000000000302e-01
9.140000000000000346e-01
9.110000000000000320e-01
9.160000000000000364e-01
9.160000000000000364e-01
9.100000000000000311e-01
9.170000000000000373e-01
9.200000000000000400e-01
9.120000000000000329e-01
9.140000000000000346e-01
9.100000000000000311e-01
9.140000000000000346e-01
9.130000000000000338e-01
9.130000000000000338e-01
9.160000000000000364e-01
9.190000000000000391e-01
9.190000000000000391e-01
9.220000000000000417e-01
9.190000000000000391e-01
9.190000000000000391e-01
9.200000000000000400e-01
9.210000000000000409e-01
9.200000000000000400e-01
9.170000000000000373e-01
9.230000000000000426e-01
9.220000000000000417e-01
9.240000000000000435e-01
9.270000000000000462e-01
9.230000000000000426e-01
9.270000000000000462e-01
9.290000000000000480e-01
9.280000000000000471e-01
9.260000000000000453e-01
9.260000000000000453e-01
9.260000000000000453e-01
9.290000000000000480e-01
9.230000000000000426e-01
9.220000000000000417e-01
9.240000000000000435e-01
9.210000000000000409e-01
9.220000000000000417e-01
9.180000000000000382e-01
9.230000000000000426e-01
9.240000000000000435e-01
9.220000000000000417e-01
9.200000000000000400e-01
9.220000000000000417e-01
9.190000000000000391e-01
9.240000000000000435e-01
9.220000000000000417e-01
9.260000000000000453e-01
9.240000000000000435e-01
9.200000000000000400e-01
9.260000000000000453e-01
9.270000000000000462e-01
9.320000000000000506e-01
9.310000000000000497e-01
9.270000000000000462e-01
9.280000000000000471e-01
9.330000000000000515e-01
9.310000000000000497e-01
9.280000000000000471e-01
9.280000000000000471e-01
9.290000000000000480e-01
9.310000000000000497e-01
9.270000000000000462e-01
9.270000000000000462e-01
9.220000000000000417e-01
9.260000000000000453e-01
9.250000000000000444e-01
9.290000000000000480e-01
9.270000000000000462e-01
9.270000000000000462e-01
9.260000000000000453e-01
9.220000000000000417e-01
9.220000000000000417e-01
9.250000000000000444e-01
9.220000000000000417e-01
9.230000000000000426e-01
9.240000000000000435e-01
9.260000000000000453e-01
9.270000000000000462e-01
9.310000000000000497e-01
9.310000000000000497e-01
9.310000000000000497e-01
9.290000000000000480e-01
9.300000000000000488e-01
9.280000000000000471e-01
9.210000000000000409e-01
9.260000000000000453e-01
9.240000000000000435e-01
9.240000000000000435e-01
9.190000000000000391e-01
9.220000000000000417e-01
9.220000000000000417e-01
9.270000000000000462e-01
9.260000000000000453e-01
9.270000000000000462e-01
9.260000000000000453e-01
9.240000000000000435e-01
9.220000000000000417e-01
9.250000000000000444e-01
9.210000000000000409e-01
9.220000000000000417e-01
9.220000000000000417e-01
9.240000000000000435e-01
9.220000000000000417e-01
9.220000000000000417e-01
9.240000000000000435e-01
9.220000000000000417e-01
9.230000000000000426e-01
9.210000000000000409e-01
9.210000000000000409e-01
9.220000000000000417e-01
9.200000000000000400e-01
9.150000000000000355e-01
9.130000000000000338e-01
9.140000000000000346e-01
9.160000000000000364e-01
9.150000000000000355e-01
9.140000000000000346e-01
9.150000000000000355e-01
9.130000000000000338e-01
9.130000000000000338e-01
9.150000000000000355e-01
9.150000000000000355e-01
9.120000000000000329e-01
9.120000000000000329e-01
9.140000000000000346e-01
9.160000000000000364e-01
9.140000000000000346e-01
9.110000000000000320e-01
9.130000000000000338e-01
9.090000000000000302e-01
9.160000000000000364e-01
9.110000000000000320e-01
9.080000000000000293e-01
9.120000000000000329e-01
9.090000000000000302e-01
9.060000000000000275e-01
9.060000000000000275e-01
9.120000000000000329e-01
9.070000000000000284e-01
9.100000000000000311e-01
9.100000000000000311e-01
9.110000000000000320e-01
9.090000000000000302e-01
9.070000000000000284e-01
9.120000000000000329e-01
9.140000000000000346e-01
9.120000000000000329e-01
9.170000000000000373e-01
9.200000000000000400e-01
9.180000000000000382e-01
9.160000000000000364e-01
9.140000000000000346e-01
9.090000000000000302e-01
9.070000000000000284e-01
9.140000000000000346e-01
9.130000000000000338e-01
9.130000000000000338e-01
9.150000000000000355e-01
9.180000000000000382e-01
9.170000000000000373e-01
9.190000000000000391e-01
9.230000000000000426e-01
9.210000000000000409e-01
9.240000000000000435e-01
9.220000000000000417e-01
9.190000000000000391e-01
9.240000000000000435e-01
9.200000000000000400e-01
9.220000000000000417e-01
9.220000000000000417e-01
9.200000000000000400e-01
9.210000000000000409e-01
9.230000000000000426e-01
9.200000000000000400e-01
9.180000000000000382e-01
9.170000000000000373e-01
9.140000000000000346e-01
9.130000000000000338e-01
9.150000000000000355e-01
9.170000000000000373e-01
9.140000000000000346e-01
9.140000000000000346e-01
9.180000000000000382e-01
9.210000000000000409e-01
9.170000000000000373e-01
9.200000000000000400e-01
9.210000000000000409e-01
9.210000000000000409e-01
9.200000000000000400e-01
9.180000000000000382e-01
9.200000000000000400e-01
9.240000000000000435e-01
9.230000000000000426e-01
9.220000000000000417e-01
9.240000000000000435e-01
9.210000000000000409e-01
9.220000000000000417e-01
9.200000000000000400e-01
9.200000000000000400e-01
9.200000000000000400e-01
9.210000000000000409e-01
9.230000000000000426e-01
9.240000000000000435e-01
9.230000000000000426e-01
9.220000000000000417e-01
9.230000000000000426e-01
9.200000000000000400e-01
9.220000000000000417e-01
9.200000000000000400e-01
9.210000000000000409e-01
9.250000000000000444e-01
9.280000000000000471e-01
9.200000000000000400e-01
9.220000000000000417e-01
9.250000000000000444e-01
9.220000000000000417e-01
9.270000000000000462e-01
9.250000000000000444e-01
9.250000000000000444e-01
9.250000000000000444e-01
9.240000000000000435e-01
9.190000000000000391e-01
9.230000000000000426e-01
9.230000000000000426e-01
9.250000000000000444e-01
9.260000000000000453e-01
9.250000000000000444e-01
9.270000000000000462e-01
9.280000000000000471e-01
9.280000000000000471e-01
9.270000000000000462e-01
9.330000000000000515e-01
9.340000000000000524e-01
9.310000000000000497e-01
9.340000000000000524e-01
9.330000000000000515e-01
9.290000000000000480e-01
9.290000000000000480e-01
9.290000000000000480e-01
9.280000000000000471e-01
9.280000000000000471e-01
9.280000000000000471e-01
9.270000000000000462e-01
9.320000000000000506e-01
9.250000000000000444e-01
9.260000000000000453e-01
9.300000000000000488e-01
9.270000000000000462e-01
9.280000000000000471e-01
9.290000000000000480e-01
9.310000000000000497e-01
9.340000000000000524e-01
9.290000000000000480e-01
9.320000000000000506e-01
9.290000000000000480e-01
9.330000000000000515e-01
9.280000000000000471e-01
9.300000000000000488e-01
9.290000000000000480e-01
9.300000000000000488e-01
9.330000000000000515e-01
9.310000000000000497e-01
9.320000000000000506e-01
9.300000000000000488e-01
9.310000000000000497e-01
9.290000000000000480e-01
9.290000000000000480e-01
9.280000000000000471e-01
9.300000000000000488e-01
9.310000000000000497e-01
9.280000000000000471e-01
9.290000000000000480e-01
9.250000000000000444e-01
9.240000000000000435e-01
9.280000000000000471e-01
9.280000000000000471e-01
9.260000000000000453e-01
9.250000000000000444e-01
9.260000000000000453e-01
9.260000000000000453e-01
9.280000000000000471e-01
9.280000000000000471e-01
9.300000000000000488e-01
9.290000000000000480e-01
9.290000000000000480e-01
9.310000000000000497e-01
9.300000000000000488e-01
9.290000000000000480e-01
9.280000000000000471e-01
9.260000000000000453e-01
9.230000000000000426e-01
9.230000000000000426e-01
9.250000000000000444e-01
9.210000000000000409e-01
9.210000000000000409e-01
9.200000000000000400e-01
9.180000000000000382e-01
9.190000000000000391e-01
9.190000000000000391e-01
9.190000000000000391e-01
9.170000000000000373e-01
9.200000000000000400e-01
9.180000000000000382e-01
9.220000000000000417e-01
9.240000000000000435e-01
9.230000000000000426e-01
9.210000000000000409e-01
9.230000000000000426e-01
9.240000000000000435e-01
9.260000000000000453e-01
9.250000000000000444e-01
9.250000000000000444e-01
9.230000000000000426e-01
9.240000000000000435e-01
9.230000000000000426e-01
9.220000000000000417e-01
9.200000000000000400e-01
9.200000000000000400e-01
9.180000000000000382e-01
9.200000000000000400e-01
9.190000000000000391e-01
9.190000000000000391e-01
9.210000000000000409e-01
9.180000000000000382e-01
9.220000000000000417e-01
9.230000000000000426e-01
9.220000000000000417e-01
9.250000000000000444e-01
9.270000000000000462e-01
9.280000000000000471e-01
9.270000000000000462e-01
9.260000000000000453e-01
9.260000000000000453e-01
9.290000000000000480e-01
9.320000000000000506e-01
9.300000000000000488e-01
9.280000000000000471e-01
9.270000000000000462e-01
9.270000000000000462e-01
9.270000000000000462e-01
9.280000000000000471e-01
9.270000000000000462e-01
9.230000000000000426e-01
9.250000000000000444e-01
9.250000000000000444e-01
9.250000000000000444e-01
9.240000000000000435e-01
9.290000000000000480e-01
9.260000000000000453e-01
9.290000000000000480e-01
9.260000000000000453e-01
9.250000000000000444e-01
9.270000000000000462e-01
9.270000000000000462e-01
9.280000000000000471e-01
9.300000000000000488e-01
9.260000000000000453e-01
9.270000000000000462e-01
9.290000000000000480e-01
9.290000000000000480e-01
9.290000000000000480e-01
9.300000000000000488e-01
9.310000000000000497e-01
9.290000000000000480e-01
9.280000000000000471e-01
9.270000000000000462e-01
9.300000000000000488e-01
9.310000000000000497e-01
9.290000000000000480e-01
9.340000000000000524e-01
9.340000000000000524e-01
9.310000000000000497e-01
9.320000000000000506e-01
9.300000000000000488e-01
9.290000000000000480e-01
9.290000000000000480e-01
9.270000000000000462e-01
9.250000000000000444e-01
9.270000000000000462e-01
9.250000000000000444e-01
9.250000000000000444e-01
9.250000000000000444e-01
9.260000000000000453e-01
9.250000000000000444e-01
9.250000000000000444e-01
9.260000000000000453e-01
9.240000000000000435e-01
9.220000000000000417e-01
9.210000000000000409e-01
9.220000000000000417e-01
9.220000000000000417e-01
9.230000000000000426e-01
9.270000000000000462e-01
9.260000000000000453e-01
9.290000000000000480e-01
9.300000000000000488e-01
9.270000000000000462e-01
9.290000000000000480e-01
9.280000000000000471e-01
9.230000000000000426e-01
9.260000000000000453e-01
9.270000000000000462e-01
9.300000000000000488e-01
9.300000000000000488e-01
9.300000000000000488e-01
9.290000000000000480e-01
9.310000000000000497e-01
9.330000000000000515e-01
9.330000000000000515e-01
9.300000000000000488e-01
9.310000000000000497e-01
9.310000000000000497e-01
9.310000000000000497e-01
9.320000000000000506e-01
9.320000000000000506e-01
9.330000000000000515e-01
9.300000000000000488e-01
9.320000000000000506e-01
9.320000000000000506e-01
9.320000000000000506e-01
9.340000000000000524e-01
9.320000000000000506e-01
9.290000000000000480e-01
9.270000000000000462e-01
9.280000000000000471e-01
9.330000000000000515e-01
9.300000000000000488e-01
9.290000000000000480e-01
9.330000000000000515e-01
9.320000000000000506e-01
9.320000000000000506e-01
9.320000000000000506e-01
9.310000000000000497e-01
9.320000000000000506e-01
9.310000000000000497e-01
9.310000000000000497e-01
9.310000000000000497e-01
9.300000000000000488e-01
9.280000000000000471e-01
9.300000000000000488e-01
9.290000000000000480e-01
9.320000000000000506e-01
9.290000000000000480e-01
9.310000000000000497e-01
9.320000000000000506e-01
9.340000000000000524e-01
9.370000000000000551e-01
9.340000000000000524e-01
9.340000000000000524e-01
9.320000000000000506e-01
9.350000000000000533e-01
9.330000000000000515e-01
9.320000000000000506e-01
9.370000000000000551e-01
9.340000000000000524e-01
9.360000000000000542e-01
9.370000000000000551e-01
9.330000000000000515e-01
9.300000000000000488e-01
9.300000000000000488e-01
9.300000000000000488e-01
9.260000000000000453e-01
9.290000000000000480e-01
9.250000000000000444e-01
9.260000000000000453e-01
9.260000000000000453e-01
9.230000000000000426e-01
9.240000000000000435e-01
9.230000000000000426e-01
9.210000000000000409e-01
9.230000000000000426e-01
9.200000000000000400e-01
9.200000000000000400e-01
9.210000000000000409e-01
9.220000000000000417e-01
9.230000000000000426e-01
9.220000000000000417e-01
9.220000000000000417e-01
9.220000000000000417e-01
9.230000000000000426e-01
9.190000000000000391e-01
9.230000000000000426e-01
9.240000000000000435e-01
9.260000000000000453e-01
9.250000000000000444e-01
9.230000000000000426e-01
9.220000000000000417e-01
9.230000000000000426e-01
9.220000000000000417e-01
9.240000000000000435e-01
9.270000000000000462e-01
9.250000000000000444e-01
9.240000000000000435e-01
9.240000000000000435e-01
9.240000000000000435e-01
9.240000000000000435e-01
9.220000000000000417e-01
9.210000000000000409e-01
9.230000000000000426e-01
9.240000000000000435e-01
9.240000000000000435e-01
9.240000000000000435e-01
9.250000000000000444e-01
9.220000000000000417e-01
9.230000000000000426e-01
9.220000000000000417e-01
9.220000000000000417e-01
9.220000000000000417e-01
9.210000000000000409e-01
9.210000000000000409e-01
9.250000000000000444e-01
9.280000000000000471e-01
9.290000000000000480e-01
9.260000000000000453e-01
9.250000000000000444e-01
9.260000000000000453e-01
9.270000000000000462e-01
9.290000000000000480e-01
9.300000000000000488e-01
9.270000000000000462e-01
9.270000000000000462e-01
9.240000000000000435e-01
9.240000000000000435e-01
9.250000000000000444e-01
9.240000000000000435e-01
9.260000000000000453e-01
9.240000000000000435e-01
9.240000000000000435e-01
9.270000000000000462e-01
9.240000000000000435e-01
9.230000000000000426e-01
9.240000000000000435e-01
9.240000000000000435e-01
9.250000000000000444e-01
9.240000000000000435e-01
9.230000000000000426e-01
9.250000000000000444e-01
9.240000000000000435e-01
9.240000000000000435e-01
9.280000000000000471e-01
9.270000000000000462e-01
9.280000000000000471e-01
9.270000000000000462e-01
9.290000000000000480e-01
9.260000000000000453e-01
9.260000000000000453e-01
9.270000000000000462e-01
9.290000000000000480e-01
9.280000000000000471e-01
9.260000000000000453e-01
9.270000000000000462e-01
9.270000000000000462e-01
9.220000000000000417e-01
9.240000000000000435e-01
9.230000000000000426e-01
9.230000000000000426e-01
9.230000000000000426e-01
9.240000000000000435e-01
9.270000000000000462e-01
9.260000000000000453e-01
9.300000000000000488e-01
9.270000000000000462e-01
9.240000000000000435e-01
9.250000000000000444e-01
9.230000000000000426e-01
9.250000000000000444e-01
9.230000000000000426e-01
9.250000000000000444e-01
9.260000000000000453e-01
9.270000000000000462e-01
9.290000000000000480e-01
9.250000000000000444e-01
9.250000000000000444e-01
9.260000000000000453e-01
9.250000000000000444e-01
9.270000000000000462e-01
9.270000000000000462e-01
9.250000000000000444e-01
9.290000000000000480e-01
9.300000000000000488e-01
9.320000000000000506e-01
9.290000000000000480e-01
9.310000000000000497e-01
9.300000000000000488e-01
9.270000000000000462e-01
9.300000000000000488e-01
9.290000000000000480e-01
9.300000000000000488e-01
9.320000000000000506e-01
9.320000000000000506e-01
9.310000000000000497e-01
9.330000000000000515e-01
9.330000000000000515e-01
9.350000000000000533e-01
9.340000000000000524e-01
9.350000000000000533e-01
9.330000000000000515e-01
9.310000000000000497e-01
9.350000000000000533e-01
9.360000000000000542e-01
9.360000000000000542e-01
9.350000000000000533e-01
9.370000000000000551e-01
9.350000000000000533e-01
9.340000000000000524e-01
9.340000000000000524e-01
9.320000000000000506e-01
9.320000000000000506e-01
9.340000000000000524e-01
9.350000000000000533e-01
9.350000000000000533e-01
9.340000000000000524e-01
9.340000000000000524e-01
9.340000000000000524e-01
9.330000000000000515e-01
9.350000000000000533e-01
9.340000000000000524e-01
9.360000000000000542e-01
9.360000000000000542e-01
9.379999999999999449e-01
9.340000000000000524e-01
9.330000000000000515e-01
9.330000000000000515e-01
9.320000000000000506e-01
9.310000000000000497e-01
9.310000000000000497e-01
9.300000000000000488e-01
9.290000000000000480e-01
9.310000000000000497e-01
9.310000000000000497e-01
9.330000000000000515e-01
9.300000000000000488e-01
9.310000000000000497e-01
9.300000000000000488e-01
9.320000000000000506e-01
9.370000000000000551e-01
9.340000000000000524e-01
9.340000000000000524e-01
9.320000000000000506e-01
9.350000000000000533e-01
9.320000000000000506e-01
9.340000000000000524e-01
9.320000000000000506e-01
9.300000000000000488e-01
9.300000000000000488e-01
9.300000000000000488e-01
9.300000000000000488e-01
9.310000000000000497e-01
9.330000000000000515e-01
9.320000000000000506e-01
9.310000000000000497e-01
9.320000000000000506e-01
9.320000000000000506e-01
9.310000000000000497e-01
9.320000000000000506e-01
9.300000000000000488e-01
9.300000000000000488e-01
9.300000000000000488e-01
9.270000000000000462e-01
9.280000000000000471e-01
9.320000000000000506e-01
9.290000000000000480e-01
9.290000000000000480e-01
9.280000000000000471e-01
9.300000000000000488e-01
9.280000000000000471e-01
9.300000000000000488e-01
9.300000000000000488e-01
9.300000000000000488e-01
9.320000000000000506e-01
9.310000000000000497e-01
9.300000000000000488e-01
9.280000000000000471e-01
9.280000000000000471e-01
9.260000000000000453e-01
9.260000000000000453e-01
9.290000000000000480e-01
9.290000000000000480e-01
9.300000000000000488e-01
9.300000000000000488e-01
9.280000000000000471e-01
9.280000000000000471e-01
9.320000000000000506e-01
9.320000000000000506e-01
9.310000000000000497e-01
9.310000000000000497e-01
9.270000000000000462e-01
9.270000000000000462e-01
9.270000000000000462e-01
9.270000000000000462e-01
9.280000000000000471e-01
9.270000000000000462e-01
9.250000000000000444e-01
9.260000000000000453e-01
9.240000000000000435e-01
9.250000000000000444e-01
9.240000000000000435e-01
9.270000000000000462e-01
9.260000000000000453e-01
9.230000000000000426e-01
9.240000000000000435e-01
9.260000000000000453e-01
9.260000000000000453e-01
9.280000000000000471e-01
9.290000000000000480e-01
9.280000000000000471e-01
9.260000000000000453e-01
9.260000000000000453e-01
9.270000000000000462e-01
9.270000000000000462e-01
9.290000000000000480e-01
9.310000000000000497e-01
9.320000000000000506e-01
9.330000000000000515e-01
9.310000000000000497e-01
9.270000000000000462e-01
9.300000000000000488e-01
9.320000000000000506e-01
9.330000000000000515e-01
9.300000000000000488e-01
9.300000000000000488e-01
9.300000000000000488e-01
9.310000000000000497e-01
9.320000000000000506e-01
9.310000000000000497e-01
9.320000000000000506e-01
9.310000000000000497e-01
9.310000000000000497e-01
9.300000000000000488e-01
9.320000000000000506e-01
9.320000000000000506e-01
9.320000000000000506e-01
9.300000000000000488e-01
9.310000000000000497e-01
9.300000000000000488e-01
9.290000000000000480e-01
9.270000000000000462e-01
9.260000000000000453e-01
9.290000000000000480e-01
9.300000000000000488e-01
9.310000000000000497e-01
9.300000000000000488e-01
9.320000000000000506e-01
9.310000000000000497e-01
9.310000000000000497e-01
9.310000000000000497e-01
9.340000000000000524e-01
9.330000000000000515e-01
9.310000000000000497e-01
9.310000000000000497e-01
9.300000000000000488e-01
9.300000000000000488e-01
9.290000000000000480e-01
9.300000000000000488e-01
9.310000000000000497e-01
9.310000000000000497e-01
9.290000000000000480e-01
9.290000000000000480e-01
9.310000000000000497e-01
9.330000000000000515e-01
9.340000000000000524e-01
9.310000000000000497e-01
9.300000000000000488e-01
9.300000000000000488e-01
9.300000000000000488e-01
9.300000000000000488e-01
9.330000000000000515e-01
9.290000000000000480e-01
9.300000000000000488e-01
9.320000000000000506e-01
9.330000000000000515e-01
