1.000000000000000000e+00
1.000000000000000000e+00
9.961321445660539231e-01
9.666614518964036229e-01
8.098838059669755118e-01
7.163729728823349241e-01
6.097475249036987677e-01
5.114231260722323924e-01
4.123682078519075311e-01
3.724780342848910131e-01
3.488667835060065281e-01
3.160634172834421718e-01
2.964542853007244294e-01
3.300478893520162327e-01
3.129677898707594053e-01
2.876500953152343887e-01
2.673526482888993749e-01
2.773243752110811644e-01
2.741458337995797967e-01
2.701298602130879356e-01
2.707390753604162481e-01
2.504808115287893711e-01
2.454322162890184011e-01
2.417288839944956857e-01
2.360336724284550769e-01
2.475981892309010723e-01
2.460810446401858198e-01
2.440816397534229520e-01
2.265498293381498218e-01
2.234306830684059386e-01
2.180497874461635455e-01
2.351388934316119561e-01
2.124545264389457733e-01
2.055200800064790612e-01
2.087117044037705149e-01
2.198038088264398782e-01
2.048558213774374637e-01
2.166620714858878693e-01
1.997367365381108040e-01
2.027083778291921823e-01
2.171723305634867540e-01
2.099328409781196780e-01
1.938579278048057630e-01
2.041191545851838152e-01
1.961675949381953277e-01
1.999480720812849832e-01
1.863859942830635164e-01
1.986319809118507751e-01
1.974552299735979344e-01
1.925755130319709851e-01
1.939939600100975547e-01
1.891828774743585240e-01
1.930359141137352463e-01
1.836746445815850282e-01
1.979899145826234663e-01
1.831338560531199644e-01
1.832259506632175072e-01
1.812264061845140217e-01
1.914345165655038650e-01
2.001217684258892182e-01
1.929375013165987862e-01
1.734385828262941243e-01
1.862239768087286529e-01
1.841920888356883002e-01
1.772700019746223932e-01
1.871663206931088175e-01
1.823689175452932187e-01
1.796328701941524164e-01
1.752905967810342025e-01
1.724865603277192794e-01
1.759146173311344763e-01
1.650943253956750900e-01
1.927958787249103023e-01
1.758010956181531581e-01
1.696125490152044224e-01
1.646858978590536038e-01
1.844760164750168241e-01
1.661120178396190972e-01
1.743787195320444239e-01
1.717987220067287435e-01
1.708110831017796427e-01
1.817023654099093333e-01
1.625684503312890550e-01
1.713495777839017520e-01
1.755205905236240649e-01
1.707828609295974631e-01
1.640454919600288497e-01
1.567720602376710681e-01
1.614132824140363798e-01
1.680384444596635385e-01
1.680157413100135944e-01
1.765097371759004607e-01
1.649462249076531772e-01
1.720220143154329584e-01
1.550790979731160868e-01
1.604892115236125349e-01
1.645249577160245724e-01
1.759221862793443614e-01
1.525370767672483974e-01
1.604398442485734377e-01
1.615442859270184162e-01
1.558093034271023913e-01
1.688595916638094829e-01
1.602894338803921570e-01
1.664695242295156086e-01
1.491092305570696219e-01
1.650690608625828282e-01
1.556598906826829054e-01
1.551158330050459444e-01
1.592087028230339540e-01
1.548585484482920827e-01
1.608395826760363745e-01
1.393814045508982302e-01
1.598714042761381071e-01
1.569752871490807944e-01
1.497866657629669529e-01
1.562259545919325310e-01
1.541868129593902126e-01
1.632291783283723319e-01
1.499095741302739759e-01
1.665602408283524405e-01
1.428928319401142066e-01
1.524822044225982443e-01
1.378871263879228592e-01
1.615477228062808246e-01
1.481548320824472575e-01
1.518184411009283752e-01
1.570870146841988890e-01
1.493423314377528288e-01
1.394248103341538259e-01
1.459846399401278361e-01
1.515700601838187167e-01
1.414172752012884116e-01
1.451673311680254930e-01
1.415539428304926906e-01
1.608629638832201614e-01
1.465212847441421384e-01
1.510092732658898651e-01
1.477009185336477792e-01
1.426798196101853045e-01
1.494638863391914152e-01
1.438834540051787125e-01
1.475524746299182732e-01
1.427272922479081163e-01
1.496648286615487045e-01
1.449260563094769971e-01
1.431202936577406493e-01
1.494737137848008157e-01
1.437106860575924072e-01
1.422071360237038284e-01
1.488807751303942439e-01
1.421855120413482720e-01
1.515208993281182970e-01
1.594441313486204825e-01
1.374807594946892975e-01
1.497620648233339846e-01
1.443666589075455198e-01
1.510487197037744811e-01
1.433341351041578782e-01
1.454215359625771475e-01
1.459870239684966653e-01
1.549000430898875846e-01
1.468846341713419545e-01
1.319663973432415038e-01
1.314517770912115580e-01
1.398586988919475194e-01
1.490003474719936716e-01
1.345655247966754953e-01
1.365319666714858715e-01
1.462965674741404931e-01
1.358850919057218165e-01
1.454492804411331164e-01
1.498903085250266054e-01
1.280659918687817034e-01
1.414742047238458367e-01
1.405992141973549381e-01
1.353841561342953026e-01
1.319548181009547461e-01
1.356844089845649637e-01
1.384418641688225926e-01
1.461080817472774351e-01
1.402549977001379400e-01
1.407451774541921274e-01
1.399944874669225847e-01
1.452753729376147218e-01
1.364122955404425686e-01
1.265304911381799624e-01
1.423273697360482037e-01
1.467162095325605098e-01
1.457562052945505227e-01
1.479823369082036155e-01
1.335724763287984562e-01
1.374396908512101334e-01
1.357419558264034709e-01
1.310158043459064003e-01
1.370174111315574927e-01
1.421271361438893321e-01
1.359246357990019360e-01
1.379833657658162127e-01
1.353145948824011902e-01
1.404469351505519825e-01
1.339321586100394035e-01
1.374797847086149105e-01
1.332256486386849126e-01
1.388759663915205833e-01
1.382724747707075319e-01
1.365218390717474195e-01
1.329010262403730325e-01
1.254579292120579781e-01
1.464946549821347921e-01
1.453888499551601043e-01
1.357867946661685254e-01
1.270390589166575102e-01
1.353825366565861998e-01
1.336056422421278422e-01
1.323657522823356303e-01
1.352673893393583349e-01
1.363051709903809472e-01
1.444260026136529873e-01
1.315008959903379848e-01
1.277136465215537309e-01
1.351640298399368612e-01
1.373648651790253805e-01
1.323984859230576128e-01
1.387889415653103808e-01
1.409079578626554197e-01
1.252405374442442376e-01
1.375979774840828951e-01
1.246363299293738458e-01
1.312655249458262174e-01
1.279761026461244955e-01
1.241326635597995304e-01
1.312289353982660223e-01
1.352136887064591397e-01
1.327189939627546333e-01
1.314448640580703209e-01
1.359875514809250618e-01
1.286533901614818898e-01
1.423660874133144405e-01
1.420474313871784855e-01
1.439515958786583283e-01
1.355398587182644055e-01
1.254447140809265837e-01
1.157727307388564247e-01
1.276780008728758964e-01
1.204665828781529002e-01
1.285935059895325638e-01
1.339366738840695181e-01
1.271502409880777840e-01
1.275939994310169301e-01
1.287023399202238405e-01
1.389170126356022716e-01
1.292125910426320801e-01
1.232872070728202873e-01
1.331020621172718243e-01
1.317964532795247445e-01
1.271077257450405618e-01
1.300168022631842391e-01
1.268310696245670277e-01
1.284484862303773844e-01
1.245110295217666391e-01
1.299638023491830052e-01
1.176434354617651584e-01
1.260877089589793332e-01
1.299885577964257077e-01
1.245289775728854603e-01
1.232923897307369870e-01
1.170953067308375672e-01
1.259551909699584971e-01
1.194091883391370373e-01
1.238455304489184811e-01
1.353222568991404029e-01
1.187905523281844039e-01
1.248743726198882631e-01
1.310518802860695942e-01
1.262547105943874481e-01
1.228554562927870186e-01
1.305395588398153561e-01
1.369388203228949774e-01
1.253912722619033859e-01
1.307780919023863175e-01
1.226726993369618574e-01
1.242341645761679270e-01
1.264192729310426588e-01
1.300628127503535847e-01
1.266354805831260699e-01
1.261717004129980502e-01
1.221153035465999404e-01
1.312175178465137815e-01
1.336617358569873182e-01
1.276720706701922892e-01
1.228959761604209999e-01
1.274539576404991326e-01
1.236793318670460495e-01
1.191592699231838470e-01
1.236923788030994259e-01
1.284936889958364359e-01
1.241552191725247417e-01
1.339089473058561464e-01
1.275205305091515473e-01
1.196969764582483942e-01
1.290806399044233943e-01
1.169618248999766547e-01
1.253663412513683351e-01
1.203919574432966710e-01
1.232214229020313218e-01
1.283060145562419929e-01
1.232609507670936744e-01
1.202420178026900738e-01
1.185731214604391626e-01
1.260751305803231026e-01
1.191322363879962348e-01
1.291375865549579671e-01
1.209904951226905556e-01
1.292425639408563975e-01
1.191678182140043230e-01
1.217381512244895825e-01
1.298794099105219924e-01
1.242694131075705866e-01
1.219913701904442038e-01
1.168369292505977153e-01
1.210083651810879568e-01
1.173103473065983809e-01
1.353002934643753319e-01
1.249038047851195737e-01
1.231586511928707828e-01
1.144406740838980474e-01
1.277056517620346332e-01
1.212895599488877652e-01
1.201363267064078089e-01
1.254637015282717982e-01
1.202994079945523959e-01
1.199392089462853889e-01
1.200326292148434504e-01
1.228878571171589523e-01
1.313219985492735664e-01
1.233259625463272169e-01
1.229882434998971902e-01
1.130091542199365695e-01
1.254719524505388539e-01
1.133113371177299766e-01
1.201580454704461037e-01
1.166032808470800763e-01
1.252760961001889717e-01
1.185941716550343167e-01
1.240156417565053543e-01
1.245391031183529229e-01
1.217875639526211501e-01
1.141735273326326267e-01
1.146068856824751653e-01
1.154178814920263502e-01
1.227539829084129952e-01
1.148114654528231693e-01
1.120792031210177675e-01
1.275455625735133491e-01
1.253386337660632177e-01
1.170393265399248678e-01
1.258106118889622260e-01
1.134502652593525479e-01
1.244039000638309800e-01
1.249518416220410377e-01
1.201218332194077948e-01
1.188389233856913113e-01
1.210593132960204321e-01
1.218138393593963809e-01
1.229542156816095244e-01
1.126840519066112239e-01
1.184061734353483580e-01
1.181030267088734598e-01
1.256607651074037602e-01
1.112068479578349200e-01
1.188161946052358198e-01
1.173272707299558432e-01
1.233033663322426199e-01
1.168366460838642373e-01
1.196882449337533239e-01
1.242445344148945530e-01
1.148590457164437584e-01
1.141234117033216450e-01
1.186453710635878012e-01
1.211004208817401256e-01
1.120069945704507408e-01
1.162118968071485514e-01
1.221853532257834579e-01
1.194679781860129575e-01
1.250053648455916600e-01
1.147996463298974479e-01
1.096855429334499116e-01
1.186831776988949566e-01
1.173519299035288982e-01
1.235555534418773249e-01
1.178647289244001417e-01
1.231765327678973204e-01
1.182491440718370646e-01
1.130987546528812865e-01
1.197624079042638040e-01
1.233429042804945475e-01
1.246628747924653779e-01
1.179395280898661164e-01
1.169194887226553403e-01
1.115472696441470873e-01
1.238184007375103396e-01
1.144807724806584381e-01
1.097695784707812955e-01
1.182778512714310060e-01
1.154379817444389916e-01
1.219972792601870942e-01
1.128413632636711128e-01
1.120459509397752768e-01
1.241763449044530621e-01
1.163085882334328192e-01
1.108793134583217765e-01
1.257102602980317840e-01
1.146709295226184255e-01
1.170875215284719606e-01
1.119186780708807810e-01
1.238595191135156148e-01
1.102535131575517746e-01
1.116941432041865662e-01
1.092862804753796657e-01
1.191585142812032899e-01
1.196149477396166450e-01
1.064022233560352887e-01
1.123886695125596580e-01
1.140926700060999333e-01
1.099804245975220113e-01
1.097758048226733646e-01
1.202707008365130059e-01
1.151656537447295764e-01
1.159318073681113725e-01
1.154383924433196595e-01
1.192124674089446584e-01
1.185980276784774495e-01
1.081441976989201414e-01
1.101474681037194758e-01
1.096958981811665679e-01
1.054260293216773420e-01
1.162102592707399407e-01
1.109104213249008097e-01
1.051277487946094408e-01
1.041197222157252550e-01
1.204916406616312052e-01
1.125761638079290777e-01
1.120819049633348663e-01
1.165703437392170971e-01
1.102059373234626771e-01
1.112392284718794894e-01
1.034852051334169964e-01
1.214805788942826675e-01
1.146436482166754978e-01
1.138710158203683070e-01
1.140969641055096795e-01
1.094366301027413363e-01
1.195953831597233452e-01
1.116394328596242852e-01
1.184753381027374014e-01
1.058059196105613914e-01
1.080242681512232628e-01
1.121962382348122844e-01
1.128473134166071423e-01
1.010013336719917110e-01
1.126473278040833748e-01
1.087590905856895274e-01
1.101750057223556539e-01
1.058911931744321855e-01
1.174813540348647323e-01
1.072084063751312100e-01
1.145685147064160747e-01
1.097208779573540377e-01
1.184840702712930544e-01
1.046630970422157275e-01
1.174904460740881229e-01
1.138103668820587000e-01
1.090421576985458885e-01
1.164504620290446879e-01
1.019325193497221532e-01
1.112008481489079742e-01
1.199547327111942507e-01
1.042772810986928034e-01
1.107184390639668059e-01
1.145965059434752298e-01
1.127711424634533222e-01
1.156724670924743487e-01
1.160357954213153547e-01
1.106442885081031779e-01
1.146629027047303823e-01
1.126457592943169717e-01
1.117235549645949205e-01
1.146201980634310724e-01
1.091324067402619225e-01
1.089956214277298802e-01
1.114915180618514384e-01
1.140976227272709059e-01
1.137044935639995452e-01
1.052753234908586077e-01
1.170558820984090170e-01
1.109783297541292457e-01
1.117718400264171574e-01
1.102079262868998211e-01
1.171513050764144970e-01
1.065301071800090899e-01
1.003453912311721014e-01
1.157240437193967075e-01
1.173393691670041872e-01
1.066072662968541168e-01
1.046581984290341494e-01
1.122231405268748067e-01
1.158946762898601518e-01
1.185849467202878538e-01
1.091621886597760466e-01
1.141107093854764054e-01
1.071554945639970197e-01
1.161264051968117356e-01
1.050547611574044748e-01
1.045678957317740521e-01
1.088385783823227343e-01
1.112528708364205338e-01
1.045866614282153634e-01
1.076431384653375040e-01
1.128124841012561191e-01
1.065297652289912966e-01
1.106321315750662115e-01
1.025966566286969223e-01
1.040275420213999380e-01
1.169405066883008187e-01
1.112888979959022889e-01
1.176270224811423598e-01
1.044538583816661675e-01
1.178854350714499538e-01
1.066073970259299869e-01
1.103224509259102259e-01
1.098875570098051951e-01
1.131220700346806524e-01
1.058469450053017707e-01
1.125108943575823250e-01
1.077716513979918717e-01
1.061151480195548502e-01
1.153953485975839771e-01
1.074379768191833368e-01
1.110346248251390111e-01
1.094081040474806643e-01
1.102733163389355564e-01
1.098106015141292469e-01
1.095382546051056893e-01
1.040591630051280747e-01
1.077110415336663268e-01
1.126596634977499595e-01
1.158882082002356262e-01
1.071895721499623588e-01
1.092728490528122737e-01
1.171424007483767293e-01
1.023792313588439556e-01
1.061684603588204934e-01
1.137266852242388715e-01
1.076141874600259757e-01
1.059021483796895452e-01
1.142796007040692008e-01
1.076202973623164305e-01
1.168624520878630280e-01
1.047623984817897536e-01
1.060484452339172656e-01
1.071809333769680045e-01
1.101842921886131560e-01
1.169172203718519543e-01
1.104098149718685529e-01
1.089232697845788356e-01
1.074305829176513405e-01
1.092006481117172162e-01
1.075331645371987999e-01
1.023018627400148206e-01
9.933700560028696502e-02
1.060167602491996763e-01
1.075162905581730638e-01
9.980391645004413337e-02
9.953571098333173495e-02
1.145359188836477249e-01
1.067406380664168986e-01
1.080661265534933746e-01
1.070120382342310966e-01
1.168396867326213090e-01
1.034292019535775764e-01
1.148843390986468427e-01
1.041445405380678202e-01
1.111449842935391674e-01
1.105403190006440106e-01
1.049631551284405800e-01
1.097482320227488178e-01
1.066939541306293621e-01
1.069375134201301925e-01
1.170148620966653674e-01
1.118480870718995407e-01
1.054183482752463902e-01
1.100660078790897806e-01
9.531998556103390974e-02
1.085930397923283164e-01
1.188631952341964865e-01
1.110689272254361953e-01
1.037799849879061237e-01
1.016238079629217111e-01
1.095908825267304793e-01
1.025478778948323844e-01
1.094315503283267849e-01
1.049854745727660799e-01
1.039889591629309523e-01
1.038789992222111519e-01
1.078838735819825229e-01
1.091839147739773475e-01
1.040583245487484848e-01
1.020638304482099773e-01
1.008525469686873260e-01
1.067060050064334298e-01
9.626019496088465688e-02
1.086962094474829971e-01
1.105367358643663256e-01
1.097874614421058548e-01
1.084647321225151728e-01
9.959275395713393375e-02
1.080924680770711244e-01
1.203303077842286795e-01
1.045845699008209062e-01
1.028469513177684147e-01
1.082956285745007852e-01
1.039416947235595745e-01
1.050854160879250848e-01
9.914037009786899612e-02
1.111727922038126537e-01
1.002798826135944121e-01
1.061017244072664928e-01
1.052759387807584157e-01
1.066256965123296152e-01
1.077101345287338890e-01
1.087766511533145297e-01
1.005033724211447932e-01
1.030366754436882470e-01
1.070165492766665394e-01
1.059935389420530311e-01
1.055832820975326630e-01
1.038811024229691071e-01
1.025240588555823285e-01
9.995430718047128293e-02
1.021906744483734308e-01
1.020978636839293130e-01
1.030895014585922614e-01
1.122920474681618347e-01
1.107801855833039778e-01
1.100465606301902766e-01
1.124799800839274000e-01
9.533818484608490296e-02
1.081216305190180471e-01
1.037954270708027066e-01
1.067331777446658414e-01
1.040082089365633455e-01
1.084862664759486672e-01
1.057078147652430328e-01
1.070233629061289743e-01
9.710307118031019646e-02
1.039792551888344685e-01
9.625831676392158920e-02
1.028866793044257294e-01
1.106998455416973171e-01
1.014590911090034048e-01
1.052974909222924443e-01
1.017476496981963435e-01
1.023206801847695718e-01
1.007290437329164123e-01
1.035601030628651997e-01
1.053235021157123141e-01
1.026916051176903488e-01
1.033208387187184857e-01
9.780450552175658230e-02
1.034268854093551016e-01
1.012946856679634439e-01
9.940370312986493428e-02
1.016985742132234527e-01
1.039647854023336981e-01
9.856853420711918223e-02
1.055003381603714790e-01
1.063348555858177336e-01
1.015363082782998611e-01
1.010917641341094186e-01
1.025611240352795328e-01
9.859277378748376730e-02
1.064752487619648469e-01
1.007367359904278031e-01
9.781000065338076033e-02
1.073133863647318109e-01
1.060751949085879525e-01
9.552715703402253622e-02
1.018721615981084544e-01
9.558770174004993514e-02
1.011251370516494941e-01
1.093615567085071266e-01
1.044753396206130336e-01
1.106668637245259990e-01
1.046124273827869766e-01
9.846855459082937134e-02
9.609729243859935210e-02
1.023520506426811305e-01
1.041244201553212095e-01
1.045834115347244603e-01
1.033479702731709970e-01
9.954215885771749983e-02
1.022764334918723622e-01
1.095421066003696847e-01
1.028035593526996638e-01
1.008927702549230754e-01
9.768827333552178305e-02
1.027016223175534065e-01
1.133322363546578754e-01
1.077339148648311373e-01
1.031078619893746745e-01
1.046463225705581562e-01
1.001335808269297328e-01
9.774096650076383175e-02
1.030319823793618556e-01
1.130703713203564387e-01
1.039030293006434624e-01
1.003234357614891381e-01
1.148934219348256847e-01
1.075339791758999769e-01
1.014446561931046792e-01
1.008727817902101559e-01
1.030021046891227837e-01
9.535502308247811865e-02
1.064869583551341370e-01
9.817477599963463086e-02
1.015409623056877653e-01
1.036823749721518806e-01
1.038422799802677238e-01
1.008974032984559233e-01
1.059671199492399490e-01
1.006035925351061039e-01
1.029219480228949213e-01
9.614088325418532199e-02
9.954218138072672140e-02
1.035033760133250436e-01
9.647771780172090250e-02
1.076873267077376878e-01
1.057068288035944714e-01
1.022037027947858140e-01
9.073261632015312828e-02
1.068815607681016522e-01
1.032765439589976159e-01
1.142380039993891178e-01
1.035203448955853561e-01
1.060582410594825969e-01
9.738651418022904738e-02
1.069803342382274480e-01
1.100794263568806719e-01
1.037099506557375289e-01
1.086043633230707600e-01
1.046120440206100843e-01
9.413529618895306872e-02
1.102404149522543397e-01
1.010269314918327554e-01
1.063538887699468083e-01
1.035256591404143944e-01
1.013916684107977473e-01
9.946954843763647358e-02
1.009450691605935785e-01
9.453029604298752997e-02
1.030226345763394086e-01
1.077752274335398164e-01
1.019175220953432853e-01
1.071589480366596653e-01
9.717171105607132209e-02
9.854738739693620631e-02
1.031141244765163556e-01
9.488089070864327845e-02
1.049560657322111817e-01
1.034705434290962983e-01
1.121446301852979666e-01
9.853044153906331815e-02
1.003151736193548804e-01
9.666372994350055925e-02
1.052792028596608587e-01
1.022040277070185854e-01
1.038465045902654676e-01
9.798693134831561180e-02
9.888491358429808697e-02
9.705273983332528276e-02
1.054550847806697139e-01
1.000486581719324114e-01
1.101189348328040496e-01
9.834982325236624190e-02
1.021891163460841440e-01
9.215324603606570020e-02
1.013924166487775447e-01
1.054344848693919839e-01
1.036274495884588198e-01
1.009186705113424704e-01
9.979579979894236119e-02
1.037303592259555263e-01
9.438258986803817197e-02
1.010378078816913244e-01
9.858575351150947186e-02
9.798001630671969442e-02
1.015034827202299511e-01
9.444472900763589696e-02
9.945233225830041324e-02
1.078165530991549437e-01
9.424099876124324149e-02
9.957916281925381641e-02
1.001876402158124457e-01
1.057792776379907901e-01
9.822653624707318454e-02
1.028641750980837516e-01
9.933522082607225412e-02
1.019796855874063324e-01
1.033339673197534864e-01
9.747998802895993520e-02
9.609822789969459100e-02
1.034771224667053735e-01
8.737376032398544434e-02
1.004201933673580377e-01
9.575625596420138386e-02
1.066394434717288647e-01
1.021689130126995082e-01
9.626135691197669486e-02
9.970665672323426876e-02
9.444925232210668598e-02
9.277052164041771354e-02
1.002806320085526948e-01
9.823158801476715440e-02
9.647323161604669239e-02
1.040202432581706499e-01
1.009815570456767120e-01
1.067897190560750664e-01
9.942044874903471774e-02
1.047776557882130755e-01
9.969300409435638555e-02
9.723265132307942760e-02
1.047058283628104630e-01
1.068019859138730904e-01
1.009006106554057175e-01
1.030397988923618530e-01
9.964709704803659251e-02
8.740830476648593639e-02
1.015151247440501253e-01
1.089198664746976464e-01
1.041202902126705937e-01
1.029679746155120618e-01
1.023073594543758846e-01
1.050541178572748230e-01
9.723437329985587518e-02
9.765308086586144132e-02
1.025640965926180870e-01
9.971374124586412924e-02
9.718686294944821336e-02
9.869014377200542587e-02
1.004708892051705549e-01
9.226410826226580375e-02
1.037238703952267638e-01
9.559319435107684060e-02
9.849102794672025263e-02
1.007341110018748764e-01
9.993376088424209269e-02
9.595603759054691095e-02
9.796087692346105991e-02
9.557859070390968548e-02
9.662222187158053810e-02
1.048976770618498811e-01
9.815091168732666127e-02
9.585452607311573114e-02
9.858079858079574209e-02
9.760470820115926815e-02
9.878670831072132452e-02
1.020583355921090840e-01
9.772963148310162551e-02
9.874304627817633018e-02
9.532536535207476736e-02
9.796643161250997989e-02
1.040802080215013636e-01
9.670445535794706948e-02
9.729885674513402694e-02
8.934189110846614545e-02
1.004331612067474871e-01
1.005597131387133553e-01
1.033128747491347255e-01
1.030373018492807685e-01
9.709704594658648269e-02
9.384879737612407402e-02
1.007502027635219510e-01
9.400276997663895018e-02
9.665769822589741211e-02
1.009372641118350400e-01
9.567216860382166121e-02
9.818789489338633492e-02
9.303288959223714183e-02
1.022070242770046489e-01
9.861488218785428861e-02
1.061932803201347392e-01
9.192073868458376651e-02
9.180982741951053405e-02
9.358783522143916678e-02
9.729161170606617781e-02
9.785168581544122224e-02
9.909493300414082273e-02
9.329900323182775679e-02
9.475813885969888717e-02
8.534768860721697603e-02
9.666157660207110036e-02
8.955173026614411669e-02
9.840140522017729041e-02
9.486460172232756560e-02
1.030120905257120856e-01
9.790802834477936589e-02
1.015314704882273461e-01
1.022606892285199132e-01
9.721970005352428834e-02
9.852816958456897534e-02
9.905283411817121519e-02
9.662092315633408202e-02
9.167323568139568168e-02
9.903338025072012940e-02
1.023529110288697030e-01
9.335743712916222403e-02
9.382229271810005322e-02
9.711224468693858969e-02
9.053361390137980302e-02
9.951117335732785618e-02
9.364512771879235364e-02
9.027491874958747109e-02
9.758352546673075556e-02
1.002974996874918534e-01
1.024690827183955544e-01
9.267061046318930684e-02
9.318498315568282675e-02
9.759588100528690524e-02
9.544074677084950220e-02
9.502751139535456359e-02
9.897784744881155117e-02
8.992815903782024056e-02
9.371787090987221402e-02
9.963495669803491828e-02
9.142948699987567263e-02
9.576203381639067369e-02
1.015157025325328782e-01
9.149961204461933006e-02
9.785404077944635792e-02
9.793196698563848279e-02
9.123557231744472418e-02
1.088011805875255672e-01
9.896118520731779500e-02
9.393683758000301309e-02
9.826478932595007765e-02
1.009475261749251535e-01
9.285145084945421734e-02
9.713235196597412580e-02
9.280453391626521109e-02
1.005828007575075567e-01
9.969207189042514350e-02
9.205740719431228236e-02
9.364177979597203272e-02
9.562554321470609353e-02
9.098904413270135494e-02
9.315228289285104601e-02
8.966450612269508125e-02
9.758119470386621142e-02
9.889382461994916662e-02
9.370944865946016777e-02
9.699307148177095661e-02
9.887160860665138162e-02
9.440407087352535587e-02
9.510176107844761639e-02
9.853136115690140640e-02
9.021419610095289532e-02
9.731622305019971275e-02
9.036670985593325822e-02
9.283232312632162808e-02
9.893196211273397322e-02
9.434709251953417308e-02
9.299700029569586690e-02
9.531805040061278045e-02
9.102004927411810886e-02
9.555938259164856174e-02
9.585989500149809384e-02
9.797875850858747682e-02
1.071825991614519247e-01
9.677861223114317402e-02
9.133348975964560024e-02
9.893513801441843059e-02
1.006851408368193840e-01
1.030806911447832153e-01
1.024866189290779828e-01
9.518955645561237577e-02
8.792494797301163290e-02
9.515723610276817512e-02
1.041662159891256351e-01
9.499857410098123955e-02
9.036145152587649054e-02
9.384216548264032176e-02
9.538949386922818130e-02
9.841838047355430663e-02
9.555508816370689162e-02
9.849178725125062872e-02
9.353046539164287798e-02
9.234254408061506880e-02
9.483405235899418362e-02
9.828875531965548806e-02
